 0 5 10 5 5 5 5 5 5 0 1 0 0 1
 1000 0 1 1 1 1
 4000 1000 0 1 1
 0 0 0 150 100 50 400 200
 3 0 1 2 0 0 0
 0 0 1 1 1 1 0 1 0 3 0 1 2 3 0
 24 100 65
 30 30 128 128 255 350 350 0 150 150 360 360 10 30 128 128 255 350 350 180.0 0
 180.0 0 0 192 300 300 1000 2 2 30 30 60 60 32 32 64 64 2 30 30 5 30 5 60 1 12 10 10 30 30 30 60 28 10 10 10 25 90 6 90 6 90 30 2 0 8 8 2 0.7 0.5 0.7 0.5 4 4 0 0 1 10 4 1 10 4 2 2 3 10 4 3 10 4 4
 3 0 1 2 110 0 0 0
 0 1 2 0 0 0 0 0
 128 128 255 350 350 180.0 0 0 0 1 2 1 2 0 2 0 1
 310 160 10 30 80 50 10 90 140 120 100 90 0 300 10 0 150 0 150 10 0 300 10 30 80 50 110 30 80 50 20 10 5 110 90 80 50 210 30 80 50 0 90 210 90 80 50 0 90
 0 0 0 1 0 2 0 3 0 0 1 1 1 2 1 13.1415926 3 1 10.50001 0 0 1 0
 10 0
 20 20 5 20 10 10 10 10 4 0 0 1 1 2 2 3 3 0 0 0 2 0 2 0 2 0 0.0f 6 0 0 1 1 2 2 3 3 4 4 5 5 0 0 5 0 0 1 1 2 2 3 3 4 4 0 0 0 0 14.0f 0 0 5 5 300 150 1 1
 50 50 100 50 10 50 85 50 2 1 4 10 20 10 20 100 10 0 0 255 4 0xC0 0xC0 0xC0 10 0 0 255 2 10 0 0 255 2
 600 250 4 1 4 1 1 1 4 4 2 0 0 1 0
 8000
 0 8000 0 10 1000
 0 5 5 5 5 0 1 0 10 10 10 10 10
 0
 2 2 400 300
 0 1 3 0 1 2
 10 20 200 200 200 200 200 200 10 10 10 10 0 10 10 10 10 10 10 10 10 10 10 0
 2 0 1 1
 2 0 1 1
 500 70 0 25 33 20 26 24 0 2 0 0
 0 0 2 1 0 3 1 2
 5 30 1 450 260
 15 30 450 110
 47
 0 4 0 4 0 2 2 2
 0 1 1
 15 40 10 10 10 10
 2 0 1 1
 2 0 1 1
 31 28 31 30 31 30 31 31 30 31 30 31 0 1 0 0 0 0 100 0 4 0 10 2 0 4 2 5 7 2 8 10 2 12 1 2 29 2 1 1 0
 1 0 8000
 2048 2048 1 0 1 1 1
 2048 0 2048 0
 310 310 2 3 5.0 2 2 10 40 5 12 20 40 20 12 0 0 2 0 1 1
 0 1 20 20 20 20 0 0 1 2 3
 1 0 1 0
 6 0 1 2 3 4 5 0 10 10 10 10 0 0 1 1 0
 8888
 8888
 0 1 1 1 0
 0 30 15 0 14 1000 10 1 0 0 10 0 10 10 10 10 0 10 10 10 10 7 0 1000 10 1 0 1 2 1
 1 0
 1 1 0 1 1 400 200
 1 0 0 10 1.414 5 8 47.0001 0 10
 0 30 30 5 20 300 300
 50 2 2 0
 1
 0 1 3 0 1 2
 2 0 1 25
 0 6 4
 0 0
 100 0f 0 400.0 200
 2 1 1 1 5 0 1 0 0 1 1 1 1 1 1 1 1 1 1 1 0 2
 0 0 6 0 1 0 44 0 0 1 1 0 1 0 0 0 0 0 2 1 0 0 0 1 0 0 0 0
 0 0 0 0 1
 0 0 50 0 60 62 38 34 39
 0 0 0 0 0 0 0 0
 2 0 1 1 0 0 0 1 35 0 0 35 0 1 63 0 0 0 0 0 0 4 0 1 0 2 1 2 4 0 0 2 1 0 77 80 36 0 77 80 36 0 80 80 443 0 80 80 443 2 0 0 0 0 0 0 0 0 0 0 0 1 1 2 3 4
 1 0 2 0 1 3 0 1 2 4 0 1 2 3 39 0 0
 0 8192 0 8192 1 0
 0 0 60 1 10
 1 1
 0 1 1 0 1 1 0 0 1 2 1
 255 255 255 255 100 1024 0 4096 0 0 0 1 0 1 10 0 1 1 6 3 0 0 1 0 2 0 45 1 45 2 45 3 45 4 45 0 0 0 0 0 1 0 1 0 0 1 0 0 45 1 45 2 45 3 45 4 45 0
 0 1 1 0 1 1 0 0 1 2 1
 1 20010 20010 10001 20010 20001 20010 20001 10001 0 0 1 0 1 2
 2 1 1 1 5 0 1 0 0 1 1 1 1 1 1 1 1 1 1 1 0 2
 0 5 10
 4 0 1 2 3 1 0 1 2 3 4 5 1 2 3 4 5 6 1 2 3 4 5 6 7 8 9 10 11 12 13 13
 3000 0 5 1000
 1 1 3 1000 1 3 1000 5000 1000
 1 1
 0 0 0
 0 0 60 1 10
 0 1 0 4 3 0 1 2
 0 20 0 100
 0 0 0
 1 0 1 1 0 1 1
 100 0 0 0 0 0 0 0 0 1 1 0 0 1 0
 1 0 1 0
 255 255 255 255 100 1024 0 4096 0 0 0 1 0 1 10 0 1 1 6 3 0 0 1 0 2 0 45 1 45 2 45 3 45 4 45 0 0 0 0 0 1 0 1 0 0 1 0 0 45 1 45 2 45 3 45 4 45 0
 1 6 1 2 3 0 1 2
 500 1000 1000 1000
 256 0 0 1 1 1 0
 105 10500 100 100
 1 20010 20010 10001 20010 20001 20010 20001 10001 0 0 1 0 1 2
 0 0 0
 1 80 2 2
 1 1 1 2 0 1 2 1 1 0 1 1 1 1 0 0
 1 0 1 10 1 200 1 500.0 1
 0 10 2000.0 0 10 2000.0
 16 2 2 2
 0
 4 0 1 2 3 1 1
 30 0x000000 16 0x000000 16 0x000000 16 300 0 0 10 3 4 10 3 3 4 3 0 20 3 0 0
 0 10 1 0 0 1 0 2 0 0 2 0 2 1 1
 0 1 1 0 1 1 0 0 1 2 1
 0 0 10 20 0 0
 1 2 3 4 1 50
 0 0.6 0.7 0.75 0.75 0.75 0.75 8 4 2 20 1 2 4 1 15 8 2 2 2 4 2
 100 50 50 65
 4 100 200 300 400 500 .12 100 200 300 400 500 .12 2 9 10 3 4 7 3 4 2 3 5 7 11 13 17 19 23 29
 0 2 0 1 0 2
 0.00001 0.00001
 0 1
 0
 50
 5 1 1 1 1 1
 0 1
 0
 0 1 1 0 1
 0
 1.0 1.0 0.05 1 1 0 1 0 1 0.6 0.4 0.5 1.0 0.5 1.0 0
 0 1 2 3 4 5 6 7
 0
 1 1 1 1 1 1
 1 1 0 0 0 1 0
 0
 0 0
 1 0
 0.3 0.4 1 0 0.3 0
 0.6 0.4 0
 0
 1 0
 1 0
 0.4 0.6 0
 1 0.6 0.4 0
 0 1 0
 0 0.3 0.7 0
 0.3 0.7 0
 1 1 1 0
 0
 1 0.2 0.8 0 0 1 1 0 0 0
 1 0
 0.4 0.6 0
 1 0
 0 0.4 0.6 0
 1 0
 0 0.4 0.6 0.7 0.3 0 0 0
 0 1 0.5 0.5 0
 1 1 0
 0.2 0.4 0.4 0
 1 0
 1 0.4 0.6 0
 0.5 0 0
 0 0 1 1 1 1 1.0 1.0 0
 0.4 0.6 0
 0 1 0.3 0.7 0.6 0.4 0
 0
 1 0
 0.7 0.3 0
 1 1 0
 1 0
 1 0
 0.2 0.4 0.4 0
 0.4 0.6 0 0
 0.4 0.6 0
 0.4 0.6 0
 1 0.7 0.4 0.6 0
 1 0.5 0
 1 0 0
 1 0 1 1 1 0 1 0 0
 0.2 0.8 0.5 0.5 0
 1 0
 0.3 0.7 0 0 1
 0.2 0.4 0.4 0
 0
 0.4 0.6 0.4 0.6 0
 0 1 0.4 0.4 0.6 0 0
 1 1 0
 0.4 0.6 0.6 0.4 0 0
 1 0
 0.4 0.6 0
 0.5 0
 0.4 0.6 0
 1 0
 0.4 0.6 0 0
 0.4 0.6 0
 0.4 0.6 0.5 0.5 0 0 0
 1 0 0
 1 0
 0.5 0.5 0 0
 1 0
 0 0.2 0.4 0.4 0
 1 0
 0 0
 0
 0.3 0.7 0
 1 0
 0.7 0.3 0
 0.5 0 0
 0 0 1 1 1 0
 0
 0.2 0.4 0.4 0
 0 1 0
 0 1 0.5 0.5 0
 0.3 0.7 0
 0.3 0.7 0
 0.6 0.4 1 0 0
 0.4 0.6 0.4 0.6 1 0.4 0
 1 0
 1 1 0
 0 0.3 0.7 0
 1 0
 1 0
 0.4 0.6 0.2 0.4 0.4 0.2 0.4 0.4 0
 0 1 0
 0 1 0.4 0.6 0.7 0.3
 1 0.5 0
 0.4 0.6 0 0
 1 1 0
 0 1 0
 0 2 1 1 0 0 0
 1 0
 1 0
 0.4 0.6 0
 1 0
 0.4 0.6 0 0
 0.4 0.6 0 0
 0 0.4 0.6 0 0
 0.4 0.6 0
 0.4 0.6 0 0
 1 1 0 0
 1 0
 0.3 0.7 0
 1 0
 0.3 0.7 0
 0.3 0.7 0
 0.4 0.6 0
 1 0
 0.6 0.4 0
 0.4 0.6 0
 0.4 0.6 0.4 0.6 0
 1 0
 0.3 0.7 0.6 0.4 0
 0.5 0.5 0.5 0.5 0
 1 0
 1 1 0
 0.4 0.6 0
 1 0
 0 0 0
 1 0.5 0
 0.5 0.5 0
 0 0
 0 3 0 1 2
 1 1
 1 1 2
 0 3000 1
 0 0
 0 1 0 1
 1 1 1 0 0 0 0 0 0 0 1 1 1 1 1 1 0.4 1.0 1.0 0.6 1.0 1.0 0 0 1 0 0 0 0 0 1 1 1 0 0 0 0 0 0 0 1 1 1 1 1 1 0.4 1.0 1.0 0.6 1.0 1.0 1 1 1 0 0 0 0 0 0 0 1 1 1 1 1 1 0.4 1.0 1.0 0.6 1.0 1.0 1 1 1 0 0 0 0 0 0 0 1 1 1 1 1 1 0.4 1.0 1.0 0.6 1.0 1.0 1 1 1 0 0 0 0 0 0 0 1 1 1 1 1 1 0.4 1.0 1.0 0.6 1.0 1.0 1 1 1 0 0 0 0 0 0 0 0 0 1 1 1 1 1 1 0.4 1.0 1.0 0.6 1.0 1.0 1 1 0.5 1.0 1.0 0.5 1.0 1.0 1 1 0 1 0 0 0 0 1 1 1 1 1 1 1 1 1 1 1
 0 0 1 0 1 0 2 0 0 2 1 100000 0 0.5 0.5 0 0 1 0 0 1 1.0 1.0 0 0 1.0 1.0 1.0 0 1 0 0 0 1 0 1 1 0 2 1 1 1 1 1 0 0 0 1 0 1 0 0 1 1 1 0
 1L
 0.75
 1 0 0 1 0 0
 0 0
 0 0 0 1 0 0
 0 0 0 1 0 0 0 0 0 0 0 1 1 1 1
 0 0 0
 0 1 3 2 0 0 0 1 0 0 1 0 1 1 3 2 0 0 0 0 0 0 0
 0 0
 0
 0
 0 0 0 0 0 0 0
 0
 3 1
 1L
 0 0 0 0 1 1
 1 1 1
 0 0 0 0 1 0 0 0 1 0
 0 0 0
 0
 0 1 0 1 1
 0 0
 1 0
 0 0 0 0 0 0 0 0 1 0 0 0 0 0 0
 0 0 0 0 0
 0 0
 0
 0
 0
 0 0 0 0 0
 1 1 1
 0
 0
 1 2 3 4 5 6 7 8 9 10 11 12 13 14
 0
 0 1 0
 0
 1
 0
 1 0
 0
 0
 1 1
 1
 0 0 0 0 0 0 0
 1 1 1 1
 1 1 1
 1 0 0 1 0 1 0 0 0 0 0 0 0 0 0 0 0 0
 3479036492186972580L 100 100 450 300 5 5 5 5 0 0 0 12 10
 0
 2634692504060297073L 100 100 450 300 5 5 5 5 0 0 16 16 0 0 0 59 59 59 4 1 15 15 0 0 14 14 14 0 0 14 14 14 0 0 14 14 14 0 0 14 14 14 0 1 0 1 0 1 0 1 100 100 100 100
 560821100423371891L 100 100 450 300 16 16 16 16 16 16 16 5 5 5 5 0 0 18
 5810044732894008630L 0 0 0 0
 7475843275177290984L 100 100 250 150 5 5 5 5 2 1 5 5 16 10 16 10
 4917834745268604259L 100 100 419 254 5 5 5 5 63 6 334 30 10 167 180 90 30 6 12 65 18 6 42 65 18 63 42 334 99 6 150 65 18 63 150 57 18 131 150 57 18 271 150 57 18 202 150 57 18 340 150 57 18
 2085588912441845548L 400 300 0 0
 7386542465294532731L 100 100 338 171 5 5 5 5 24 6 6 310 37 6 55 71 18 67 49 236 30 10 124 91 90 30
 1642802227586560186L 0 0 400 406
 1832140683550312787L 300 100 400 440 0 0 6 372 55 18 100 59 372 200 16 100f
 2637188442724889987L 100 100 319 206 0 0
 5570749657628665431L 100 100 300 200 5 5 5 5 16 16 16 16 0 0 20
 6085533292514353436L 100 100 273 130 5 5 5 5 0 0 500
 6006884851550921799L 100 100 450 300 5 5 5 5 0 0 16 16 2 16 16 2 16
 5184493067189341828L 100 100 450 300 5 5 5 5 0 0 0 0 4 16 14 35 16 40 0
 8633179606754193326L 100 100 450 200 5 5 5 5 3 1 5 5 16 16 20 16 16 20 18 6
 6694115973725345619L 1
 9045025823260720553L 100 100 450 300 5 5 5 5 0 0 14 30 0 16 30
 3874680085852175319L 300 100 400 406 0 0 0 50 350 400 200 0 200 100 100 200 400 200 6
 1642802227586560186L 0 0 400 406
 7395159131347368227L 100 100 298 188 5 5 5 5 70 54 147 30
 3619887890741475524L 100 100 450 300 5 5 5 5 0 0 16 16 20 16 14 30 16 35 0
 1251247361403125478L 100 100 348 162 5 5 5 5 0 3 0 0
 6482396499176910249L 100 100 400 412 0 0 6 0 1 6
 7758689434195492602L 0 0
 10 50 1000
 9075562467166618473L 0 5 5 5 5 0 0 15 13 4 4 5 5 15 15 15 15 15 15 15 15 15 15 15 15 15 15 15 15 0
 8058544817222710208L 100 100 450 200 5 5 5 5 0 0 14 14 14 3 16 12 0 1
 6493879146336970741L 100 100 450 300 5 5 5 5 0 0 16 0 0 16 14 16 16
 2215793712885732497L 100 100 450 300 5 5 5 5 0 0 14 35 16 40 0
 3983765787849972310L 100 100 300 230 5 5 5 5 0 0 20
 7985880225039901522L 100 100 250 150 5 5 5 5 1 2 5 5 0 1 5 5
 510595213739280006L 100 100 250 150 5 5 5 5 1 2 5 5 0 1 0 0 0 0
 7758689434195492602L 0 0
 3916932450920717576L 100 100 450 300 0 0 5 5 60 22 1 0 0 0
 5927958872707427777L 100 100 450 300 16 16 16 16 16 16 16 16 16 16 16 16 16 16 16 16 16 16 16 16 16 16 16 16 16 16 16 16 5 5 5 5 0 0 16
 447716161414626417L 100 100 364 179 5 5 5 5 222 98 90 30 24 6 6 324 34 16 16 52 261 34
 3352341701275432679L 100 100 450 300 5 5 5 5 0 0
 1642802227586560186L 0 0 2 2
 5334116242803068391L 0 0 1 1
 7532176128727149929L 100 100 450 200 5 5 5 5 0 0 4 2 0 0 0 1 1 0 1 1 2 0 2 1 3 0 3 1 16
 5326757798867881120L 100 100 450 350 5 5 5 5 4 1 5 5 59 59 59 20 0 0 14 0 0 14 0 0 14 2020 2000 5 1 2000 2005 2010 2015 2020 12 1 1 1 12 0 12 1 1 5 1 1 1 1
 1642802227586560186L 0 0
 317032021100672658L 100 100 535 348 5 5 5 5 0 0 45 212 447 54
 8365440513574276448L 100 100 328 262 5 5 5 5 0 0 100 6 1 50
 3479036492186972580L 100 100 450 300 5 5 5 5 0 0 0 12 10
 0 2 2 2
 2644424271663261406L 0 0 0 0 0
 4693799019369193520L 100 100 450 300 0 0
 3407327426959768243L 100 100 450 300 5 5 5 5 0 0 0f 10f 400f 130f
 1642802227586560186L 0 0 400 406
 1943739671316999698L 0 0
 1686879401938151474L 100 100 450 300 16 16 16 16 16
 318939036460656104L
 7359353924560627099L 100 100 200 150 5 5 5 5 0 0 3 16
 5313545903665551270L 100 100 450 300 0 0
 1642802227586560186L 0 0
 8256394807443698879L 100 100 450 300 5 5 5 5 0 0 0.8 0.8
 4774107038039834206L 100 100 557 411 5 5 5 5 0 0 150 300
 9165164293284409416L 0 0
 8760640967260226648L 100 100 450 300 0 0 4 0
 6589584750853602612L 100 100 450 300 5 5 5 5 1 2 5 5 0 0 16 0 0 16 14 35 16 40 0
 5117172773755760361L 100 100 450 300 5 5 5 5 0 0 2 1 5 5 14 14 14 14 14 14 30 16 30 0
 6444635860672652688L 100 100 450 300 5 5 5 5 0 0 16
 4157782271632761973L 0 0
 9060636159598343142L 16 190 130
 5322661887440132446L 100 100 450 300 5 5 5 5 0 0
 9068743130943151359L 100 100 346 237 5 5 5 5 0 0 100 100
 18
 1 2 3 4
 0 20000
 127 23561 3333 400000L 3.14159F 54.523
 2 0
 10 0 1 0 0 0 1 1 1 1
 0
 6 2 0 0 2 1 2 1 1 0 2 1 0 2 2 1 0 2 0 2 1 2 0 2 1
 0
 4 0 100 0 400 0
 1 9 1
 12 1 2 3 4 5 6 7 8 9 10 11
 1170 200 200 1 2 3 4 5 6 7 8 9 10
 3254818 2301506 2269730 3104 2112 709190099 955463181 9745901
 67 78 63 22 66 55 68 78 95 44 95 97 92 93 81 60
 0.0 1.0 1 20 1.0
 5 8 0 6
 5 5 4 1 0
 1.0 0 1.0 0 1 0 1 0
 0 10 1 2
 3041722856251346473L 100 100 450 250 5 5 5 5 0 0
 8515266110392261888L 100 100 337 269 5 5 5 5 0 0 10 100 10 5 5 3406879889366471211L
 2990172158355874031L 100 100 300 200 5 5 5 5 0 0 10
 4595347311922711984L 100 100 518 379 0 0 0 510 380 36 126 438 70 245 25 124 27 25 25 124 27 155 30 66 18 375 30 37 18 36 43 65 18 113 38 154 28 36 84 65 18 113 81 66 25 36 212 65 18 113 208 367 28 36 252 65 18 113 248 367 27 159 289 75 28 265 289 75 28
 7758689434195492602L 0 0
 1024 4 1 0 0 0 1
 0 10 100
 0 10
 284795390118429917L 100 100 392 223 5 5 5 5 0 0 23 0
 0 10
 2985623477805805108L 10 100 100 311 383 5 5 5 5 105 40 88 30 5 5 287 30 5 75 287 228 120 310 52 30 0 90 0 1 2 0
 5417254398243107506L 10 100 100 306 364 5 5 5 5 5 5 280 46 85 60 125 28 5 101 280 173 120 285 60 28 0 50 1 0 1 1 1
 6626440733001287873L 20 10 100 100 290 282 12 50 10 4 0 5 5 4 4 0 0
 4267728746326358786L 100 100 557 300 5 5 5 5 0 0 10 30 10 40 70 60 70 15 0
 3170085780519526446L 100 100 450 300 5 5 5 5 0 0 0 0 0 0 0 0 1.0 0.0 0.0 0.0 1.0 0.0 0 0 5 0 0 0 0 0 5 0 0 1 0 0 5 0 0 2 0 0 5 0 0 3 0 4 0 2 1 1
 6620166811183406036L 10 100 100 335 300 5 5 5 5 6 6 86 250 104 49 114 30 104 161 114 30 230 6 86 250 0 90 1 1 0 1 1 0
 5338362310060106193L 100 100 409 331 5 5 5 5 0 0 0 4 0
 6824538613659403529L 10 100 100 450 300 5 5 5 5 0 0 0 0 0 0 0 1.0 1.0 0.0 1.0 0.0 0 0 5 0 0 0 0 0 5 0 0 1 0 0 5 0 0 2 0 3 0 50 1 0 1 0
 1 2 3 4 5 6 7 8 9 0 0 0 0
 6185462970912293135L 100 100 450 300 5 5 5 5 6 6 265 18 8 1 6 36 422 30 10 164 78 90 30 6 118 422 138 0 8 1
 2577935223412903226L 100 100 498 300 5 5 5 5 59 59 59 10 10 174 242 0 5 10 59 59 59 183 10 219 242 0 0 407 164 63 25 407 215 63 25
 5 0 0 10 8
 0 0 0
 5 0 100 0
 1
 1000 0
 5726190585100402900L 100 100 300 200 5 5 5 5 15 20 82 30 100 20 82 30 185 20 82 30
 0 0 0
 1311689308422117198L 100 100 300 240 5 5 5 5 0 0 0 0 16 2 3 5 5 16 16 16 16 16
 0
 1 1 0
 3 21 2 22 1 23
 10 12.34
 100 3000 2000
 1 1 1
 2
 60 60
 0 2048 1 1 0
 100 100 482 189 10 95 106 28 2 10 44 106 18 114 42 341 22 179 95 106 28 0 349 95 106 28 1 200 0 1 0 1 1 0
 1978 3 5 0 100 100 385 266
 1978 0 0 100 100 385 288 180 25 100 180 25
 1 1978 1978 0 100 100 373 257 140 25 1 1
 1 1978 0 100 100 379 260 140 25 1 1
 100 100 500 237 10 88 118 18 117 86 357 22 41 144 145 28 204 144 106 28 0 328 144 106 28 0 0 255 24 117 21 301 48 1 1024 1 0
 100 100 278 185 1978
 100 100 254 166 1978
 0 1 1 255 400 200 270 375 0 0 2 10 0 10
 100 100 448 334 10 10 129 18 145 8 277 22 10 38 136 18 145 36 277 22 10 65 231 18 10 85 412 22 10 137 412 149 10 113 193 18
 100 100 373 257 1978 70 25 100 25
 1978 100 100 379 260 70 25 100 25
 100 100 391 223 10 77 79 18 82 75 286 22 282 123 86 28 10 128 127 18 131 126 145 22 0 0 255 22 82 8 239 44
 1 1978 1978 0 100 100 373 257 140 25 1 1
 1 1978 0 100 100 379 260 140 25 1 1
 100 100 351 257 1978
 1978 100 100 336 257
 1982 0 0 3 3 5 0 100 100 385 266 2 0
 1978 10000 100 100 336 257
 100 100 484 375 260 25 14
 100 100 361 257 1978 200 25
 1978 100 100 379 260 220 25
 1 1978 1978 0 100 100 373 257 140 25 1 1 1 0 1 0 6 0 0 0 0 0 0 0 0
 1 1978 0 100 100 379 260 140 25 1 1 1 0 1 0 10 0 0 0 0 0 0 0 0
 1978 100 100 361 257 0 0 255 22 140 25
 1978 100 100 379 260 150 25 0 0 255 22
 100 100 419 309 21 21 151 18 167 19 218 22 21 45 218 18 21 69 364 22 21 97 75 18 21 121 358 140
 1978 100 100 260 167
 1982 3 0 4 6 1 0 0 1 100 100 385 288 180 25 100 14 140 25 0 2 0
 0 0 0 100 100 514 238 80 165 113 22 10 167 74 18 199 167 74 18 267 165 117 22 10 52 113 18 119 50 365 22 0 0 255 14 10 10 384 22 128 0 0 10 76 113 38 10 123 74 18 80 121 113 22 202 123 87 18 285 120 117 22 404 123 80 18 128 0 0 404 76 80 38 119 84 283 22 395 162 89 28 0 0 0 0 1 2048 0 1 0 0 0
 1 1978 1 100 100 361 257 0 0 255 22 140 25
 0 1978 1 1 1 1 1 100 100 379 260 150 25 0 0 0 255 22
 1978 100 100 385 266
 1978 0 100 100 385 266 180 25
 100 100 351 257 1978
 1978 100 100 336 257
 1978 100 100 277 263 10 12 66 18 10 38 66 18 56 10 194 22 56 36 194 22 10 91 240 124 10 21 220 93 41 62 72 23 0 148 62 72 23
 1978 2 0 0 1 6 0 1 1 0 2 1 0 100 100 277 263 10 10 241 205
 100 100 361 257 1978 200 25
 1978 100 100 379 260 220 25
 6768358323610510605L 100 100 281 132 5 5 5 5 25 20 77 22 88 21 127 21 10 225 24 54 15 98 61 93 23
 6167144370965431657L 100 100 501 143 5 5 5 5 10 10 84 15 88 2 289 30 10 389 2 90 30 83 37 396 60 0 1
 6680541067185258193L 100 100 386 128 5 5 5 5 21 10 75 15 10 49 82 23 102 2 258 30 10 102 45 258 30 10 0
 12.4 12.3 1 0 1
 5908694090108124264L 100 100 450 150 5 5 5 5 0 0 2 1 5 5 1 2 5 5 16 16 10 16 16 16 16
 7275959180478686662L 100 100 260 190 5 5 5 5 10 15 122 15 80 10 141 25 90 119 93 23 10 87 60 15 80 82 141 25 10 50 122 15 80 45 141 25
 5126402687733236812L 100 100 450 193 5 5 5 5 12 14 101 15 109 14 313 99 109 116 101 25 222 118 63 21 10 297 121 54 15 0 0
 7402676201978279765L 100 100 423 125 5 5 5 5 10 18 84 15 93 10 304 30 10 93 50 90 30 240 50 90 30
 4556387791998133270L 100 100 450 214 23 21 383 31 10 23 77 93 23 169 77 76 23 280 77 121 23 10 23 122 383 31
 4171458686375833479L 100 100 450 200 5 5 5 5 0 0 3 1 5 5 1 2 5 5 16 16 1 2 5 5 16 16 2 3 5 5 16 16 16 16 16 16
 20000 50000 1000000d 20000 50000 1000000d
 5483443993146294386L 100 100 340 313 5 5 5 5 0 0 0 0 0 1.0 0.0 1.0 0 0 0 5 0 0 18 135 206 250 753015186464925026L 1 0 2 0 0 0 1 0 1 1 100 1
 1 0 0 48 1 0 1 1 1 0 48 1 0 1 1 1 0 12 1 1
 2671129992210934895L 100 100 280 128 5 5 5 5 12 14 92 15 100 10 141 25 66 57 93 23
 4235321606883889261L 100 100 450 300 5 5 5 5 0 0 116 0 116 0 23 0 0 0.0 1.0 0.0 0.0 0.0 5 0 5 5 0 0 5 0 5 5 1 0 10 22 0 0 0 5 0 1 0 0 0 5 1 1 10 2 1
 7542702541317912720L 100 100 450 191 5 5 5 5 12 14 410 48 12 76 100 15 124 76 298 21 10 165 111 93 23
 2999739427405567838L 100 100 400 200 5 5 5 5 0 0 3 1 5 5 0 2 0 0 16 16 10 0 2 0 0 16 16 16
 6067423561196663639L 100 100 450 150 5 5 5 5 0 0 2 1 5 5 1 5 5 5 16 16 3 16 16 16 1 5 5 5 16 16 3 16 16 16 0
 8690277454603699636L 100 100 312 181 5 5 5 5 22 54 58 17 77 51 180 23 10 67 88 71 25 165 88 71 25 12 14 343 25
 5503258471694848265L 100 100 450 171 5 5 5 5 0 0 59 59 59 0 3 5 20 10 10 10 10
 0 1
 2 1 2 3 1.1 2.2 3.3
 10 0 0 10 0 123456789 0
 0 0 2 0 1 0 1 1 1 2 3 4 5 6 7 8 9 10 3
 0 3
 30 30 30
 8 8 8 8 8 8 2 3 8
 6787592245621788484L 100 100 450 300 5 5 5 5 0 0 1 2 5 5 18 18 10 0 0 0 18 18 1 36 10 0 0 5 1 13 10 0 0 2
 6787592245621788484L 100 100 450 300 5 5 5 5 0 0 1 2 5 5 18 18 10 0 10 7 7 18 18
 6 6 6
 0.5 0.866 0.5774
 1.2345 5.4321
 30 6 45 4
 0 5 3
 0
 11
 7 11 13 17
 12 21 12 21 12 21
 30 24
 1.8 32
 12 21 12 21 12 21
 3049633059823371192L
 30 24
 4983187287403615604L
 30 24
 12 21 12 21 12 21
 30 24
 1 5
 5022956767440380940L
 25 0 100000 0 100000
 59.8
 1 1 1 3
 8974251829789201782L 100 100 250 250 5 5 5 5 0 0 15 10 4 4 5 5 15 15 15 15 15 15 15 15 15 15 15 15 15 15 15 15
 100 100 450 240 5 5 5 5 0 0 434 205 54 32 83 15 134 29 180 21 10 28 72 115 15 134 69 180 21 10 42 117 95 15 134 114 180 21 10 331 68 69 23 331 113 69 23 167 157 115 23
 100 100 409 300 5 5 5 5 0 0 393 262 55 21 54 15 101 18 216 21 10 55 57 48 15 101 54 216 21 10 55 95 54 15 101 92 67 21 55 132 54 15 101 129 216 21 10 55 175 54 15 102 172 215 21 10 101 214 67 23 208 214 67 23
 100 100 450 300 5 5 5 5 0 0 434 262 18 136 22 181 33 27 65 380 145 0 113 220 76 23 228 220 76 23 1 0
 1 2 3 4 5 1 2 3 4 1 2 3 4
 100 100 420 300 5 5 5 5 14 114 23 193 15 68 66 66 15 144 63 163 21 10 78 100 54 15 144 97 163 21 10 79 135 54 15 144 132 163 21 10 80 173 54 15 144 170 163 21 10 110 215 74 23 211 215 74 23 0
 1 2 3 4
 1
 100 100 427 233 5 5 5 5 0 0 411 195 84 22 75 15 151 19 156 21 10 84 62 75 15 151 59 156 21 151 112 93 23 86 23 86 15 0 166 20 97 21 144 117 70 23 0
 1 2
 100 100 396 255 5 5 5 5 0 0 380 222 119 72 63 23 184 72 63 23 119 115 63 23 259 72 103 23 162 165 63 23 62 32 54 15 123 29 190 21 10 72 76 54 15 184 115 74 23 259 115 74 23
 1 1024 1 0
 100 100 450 176 5 5 5 5 0 0 434 139 48 43 67 15 125 40 174 21 10 320 39 74 23 36 89 80 15 0 125 86 174 21 320 85 74 23
 1
 100 100 375 194 5 5 5 5 0 0 359 161 10 30 147 15 0 167 30 150 21 25 75 132 15 168 72 149 21 10 120 117 93 23
 1 1024 1 0
 100 100 450 230 5 5 5 5 0 0 434 196 37 39 148 15 0 182 36 187 21 62 85 117 15 182 82 187 21 10 171 141 93 23
 100 100 373 324 5 5 5 5 0 0 358 292 57 31 54 15 108 28 184 21 10 57 70 54 15 108 67 184 21 10 57 111 54 15 10 108 108 184 21 57 150 54 15 107 147 185 21 10 57 191 54 15 108 188 184 21 10 86 230 65 23 201 230 65 23 0 0 0 5 0 5 1
 1 2 3 4 5 6 7 1 2 3 4 5 6 7
 100 100 450 300 5 5 5 5 0 0 434 262 14 110 30 194 15 46 80 337 142 0
 1
 100 100 504 208 5 5 5 5 10 0 488 173 10 41 133 15 153 38 191 21 10 361 37 93 23 21 86 118 15 0 153 83 191 21 361 82 93 23
 1 2 3 4 5 6 0 1
 100 100 454 360 5 5 5 5 0 0 438 322 63 24 45 15 118 21 194 21 10 63 55 45 15 118 83 194 21 10 118 52 55 21 63 86 45 15 63 118 54 15 118 115 194 21 10 63 153 54 15 118 150 194 21 10 63 187 54 15 118 183 194 69 107 275 66 23 205 275 66 23 322 24 54 15 322 118 54 15 322 153 54 15 342 20 66 23 0 0
 100 100 509 300 5 5 5 5 0 0 504 262 198 122 54 15 246 119 175 21 10 198 160 54 15 246 157 175 21 10 256 193 71 23 337 193 71 23 0
 0 0
 1 2 3
 1
 1 2 3 4 5 6
 100 100 406 360 5 5 5 5 0 0 390 322 63 24 45 15 118 21 194 21 10 63 55 45 15 118 83 194 21 10 118 52 55 21 63 86 45 15 63 118 54 15 118 115 194 21 10 63 153 54 15 118 150 194 21 10 63 187 54 15 118 183 194 69 107 275 66 23 205 275 66 23 322 24 54 15 322 118 54 15 322 153 54 15 0
 100 100 450 300 5 5 5 5 0 0 434 262 14 110 30 223 15 46 80 337 142 0
 1 2 3 1 2 3
 100 100 362 217 5 5 5 5 0 0 351 180 52 30 74 15 136 27 148 21 10 37 73 89 15 136 70 148 21 10 71 122 74 23 176 122 74 23 100 9 1
 100 100 532 300 5 5 5 5 86 39 54 15 0 179 36 136 21 362 35 93 23 10 79 496 173 0 0
 100 100 450 300 5 5 5 5 0 0 434 262 79 34 54 15 0 143 31 71 21 263 30 71 23 48 82 324 136
 1 2 3 4 5
 1 2 0
 2023679170797741858L 100 100 450 300 5 5 5 5 0 0 2 1 5 5 17 14 0 0 0 1 0 0
 3321288373569648263L 100 100 532 373 5 5 5 5 0 5 5 0 10 2 200 0 0 0 450 100 0 200 0 0 30 0 0 10 0 0 0 1 1 0 1 2 0 0 0
 7525621255251725313L 100 100 450 300 5 5 5 5 0 0 10 10 1 0 1
 5408876343113378593L 0 3 0 1 3 0 1 1 7341493970991277188L 100 100 500 120 0
 2802026541868242047L 100 100 425 300 5 5 5 5 0 0 409 262 33 51 311 151 33 20 156 21 43 218 68 23 152 218 68 23 258 218 68 23 0 0 0
 0 0 0
 5966967992989508020L 100 100 450 300 5 5 5 5 0 0 15 0
 138842864977841594L 100 100 450 300 5 5 5 5 0 0 18 1 1024 1 0 1 0
 2029566581047632579L 100 100 450 300 0 0 15 15 12 15 15 25 13 25
 1 2
 1255769044503820393L 100 100 400 150 2 1 5 5 10 0
 5436437381417763417L 100 100 450 300 5 5 5 5 0 0 18 0 1 0 1
 1024 1024 1 0 0 1 1024 1024 0 1
 2547743180459668116L 100 100 430 211 5 5 5 5 0 0 414 181 47 41 54 20 105 41 178 21 10 303 40 67 23 34 86 67 15 105 83 178 21 10 313 86 44 15 101 138 93 23 229 138 93 23 0 0
 3091839699328509198L 100 100 344 224 5 5 5 5 0 0 335 186 41 21 105 24 41 51 103 23 187 51 103 23 41 76 103 23 187 76 103 23 41 101 103 23 187 101 103 23 176 140 93 23
 1656731706801107494L 100 100 450 300 5 5 5 5 0 0 10 10
 1
 2055459510450224221L 100 100 450 300 0 0
 3141724420666276089L 100 100 450 300 5 5 5 5 0 0 18 1 1024 1 0 1 0
 133822277769896479L 0 3 0 3 1 100 100 450 154 5 5 5 5 0 0 0 60 0 0 17 0 0 0 0.0 1.0 0.0 0.0 0.0 0.0 0 0 5 5 0 0 0 0 5 5 1 0 10 0 0 5 0 2 0 0 0 5 5 0 1 0 0 5 5 1 1 10 0 0 5 0 2 1 0 0 0 5 0 2 0 0 0 5 1 2 2 2
 746616564388262788L 100 100 481 231 5 5 5 5 0 0 465 262 42 45 72 15 124 42 197 21 10 341 41 93 23 42 104 72 15 124 101 197 21 10 341 100 93 23 169 145 93 23
 0 1024 1 0
 8061493305783207953L 100 100 450 300 5 5 5 5 0 0 434 262 35 46 66 15 108 43 208 21 10 331 42 66 23 35 101 66 15 108 98 208 21 10 331 97 66 23 35 157 66 15 111 154 85 21 331 157 66 23 0 1
 0 0 0 0 1444 1 0
 132068340261296319L 100 100 550 226 5 5 5 5 15 10 506 33 5 5 10 15 147 506 33 30 15 51 506 86 0 2
 891173527384201765L 100 100 450 300 5 5 5 5 0 0 10 0 0 3
 0 0 0 1
 5432640926699761559L 100 100 450 300 5 5 5 5 0 0 434 262 24 33 75 15 108 30 196 21 10 326 29 98 23 36 85 63 15 108 82 108 21 10 226 85 52 15 288 82 63 21 36 136 371 116 361 81 63 23 0
 2008614713725440868L 100 100 450 300 5 5 5 5 0 0 18 8 0 100
 6579898848014795564L 100 100 400 150 5 5 5 5 2 1 5 5 10 10 0 1024 1
 8629232787425542633L 100 100 350 150 5 5 5 5 2 1 5 5 10 0 1
 8897601338301442816L 100 100 400 250 5 5 5 5 0 0 16
 1533432567332718336L 100 100 382 237 0 0 374 178 77 29 66 18 149 27 122 22 77 66 66 18 149 64 122 22 77 103 66 18 149 101 122 22 77 137 66 18 149 132 122 28 0 0 374 178 20 10 0 0 374 178 1
 2631969102249114205L 100 100 508 300 5 5 5 5 0 5 5 5 10 5 0 10 10 0 0 0 0 2
 5599266804083691574L 100 100 434 196 5 5 5 5 0 0 418 158 19 48 92 15 121 45 187 21 10 318 44 77 23 156 96 93 23 0 1 1
 0 0 0 0 1444 1 0
 60 1000
 8746141681804141757L
 7776474232093298420L 100 100 450 300 5 5 5 5 0 0 434 262 39 25 41 15 90 22 185 21 10 305 21 79 23 30 77 372 152 0
 2290871763252206780L 0 2 0 3 0 3 100 100 450 300 5 5 5 5 0 0 0 125 2 250 0 60 0 0 0 17 0 0.0 1.0 0.0 0.0 0.0 3 0 0 5 5 0 0 0 0 0 5 0 1 0 0 0 5 1 1 10 2 1 1 0 0
 901647053358382011L 100 100 450 300 5 5 5 5 0 0 15
 9068225199875097200L 100 100 450 300 5 5 5 5 0 0 4 1 5 5 18 10 10 10 10 17 0 0 0
 1297399552701564382L 100 100 450 273 5 5 5 5 0 0 434 245 48 49 74 15 132 46 238 21 10 66 90 54 15 132 87 238 21 10 66 127 54 15 132 124 238 21 10 66 171 54 15 132 168 238 21 10
 0
 8897601338301442816L 100 100 400 250 5 5 5 5 0 0 16
 9037418437879471072L 100 100 350 150 5 5 5 5 2 1 5 5 10 1024 0 1 0
 7234463365703844776L 100 100 508 300 5 5 5 5 0 5 5 0 10 0 0 0 0 200 30 0 0 0 1 1 0 1 2 0 0 0
 5028582953468410969L 100 100 400 160 5 5 5 5 3 1 5 5 15 0 0
 8885017327239429018L 100 100 450 300 5 5 5 5 0 0 18 0 1 0 1024 0 1 0
 7145152842194908145L 100 100 450 300 5 5 5 5 0 5 0 0 10 25 0 0 0 32767
 7178478435446172846L 100 100 450 300 5 5 5 5 0 0 18 0 1 1
 5224889437729791565L 100 100 450 300 5 5 5 5 0 0 10 0
 3188551333773162753L 100 100 450 300 5 5 5 5 0 5 0 0 10 0 0 0 0 0 1 1 0 1 2 0
 6821023217912862890L 100 100 374 227 5 5 5 5 0 0 364 262 41 52 54 15 34 101 61 21 92 49 184 21 10 93 101 183 21 10 141 149 77 23
 3735840332208017268L 100 100 450 300 0 0 15 1000
 1127454227002083871L 100 100 450 300 5 5 5 5 0 0 16 16 10 16 14 30 16 35 0 2
 1533116593430144336L 100 100 300 150 5 5 5 5 0 0 2 1 5 5 16 16 16 0 100
 4941729012450153307L 100 100 450 300 5 5 5 5 0 0 16 1 2 5 5 0 0 16 16 0 0 16 16 1 11 1 9 10000 10 1 1 11 100 10 100
 2671056183299397274L 100 100 450 300 5 5 5 5 0 0 16 0 3 5 5 0 0 16 16 0 0 16 16 0 0 16 16 100
 0 10 10
 2671056183299397274L 100 100 450 300 5 5 5 5 0 0 16 1 2 5 5 0 0 16 16 0 0 16 16 0 10 10 100
 2671056183299397274L 100 100 450 300 5 5 5 5 0 0 16 1 2 5 5 0 0 16 16 0 0 16 16 0 10 10 100
 1 6 100
 1 6 100
 0 0
 4239009401384819805L 100 100 450 300 5 5 5 5 0 0 16 1 2 5 5 0 0 16 16 0 0 16 16 0 5 100 0 5 1000
 500
 100 1000 1000
 0 0 1 1
 100 100 100 100 0 10
 9072333459039474643L 100 100 450 300 5 5 5 5 0 0 16 16 1 3 5 5 0 0 14 12 0 0 14 12 0 0 14 12 5 0 5
 0
 0 10000 2 0 1000
 100 100 340 240 170 100 6 80 80 160 160 255 0 0 0 8 30 16 25 0 25 16 30 8 35 10 15 5 28 10 28 5 15 10 10 1.8 1.8 12 25 30 2 10 0 0 270 270 2 168 2 95 360d
 0 0 0 0 0 0 0 0 0 30 0.01f 0 0 0.01f 1f 200 730 0.01f 1f 1 1 1 1 0 0 0 0 0 5.0f 1 1.0f 0 4 4 0 0 0 0 1.5f 1.5f
 310 489 512 589 359 402 501 200 308 580 418 315 480 381 264 185 209 302 20 14 14 14
 100 100 340 240 5 22 0 0 0 270 270 2 2 360d
 0 0 500 360 0 8 30 28 56 86 28 0 151 56 86 28 1 2 3 12 12 0.0f 0.0f 0.0f 0.0f 0 0 64 0.0f 0.0f 0.0f 0.0f 0 64 0 0 1 12 12 6.0 20 12
 8339759858493972497L 100 100 369 233 26 44 66 18 26 115 66 18 83 42 245 22 83 68 139 117 1024.0 50.0 231 70 97 28 1 2 3 0 231 110 97 28 0 231 152 97 28 83 10 122 22 1 1 2 1 211 7 117 28 26 12 66 18
 500 800 1000 400 750 14 20 14 0.7f
 100 100 361 257 1978 200 25
 1978 100 100 379 260 220 25
 180 120
 300 30 260 10 0 0 0 8 10 10
 0 5 0 1000 5 0 32 100 100 573 411 25 15 120 18 422 15 93 18 120 80 3000 500 50 50 3000 500
 300 5 100 15 0 0 10 0 8 10 15
 5260642571525243284L 0 0
 0 0 0 100 100 514 238 80 165 113 22 10 167 74 18 199 167 74 18 267 165 117 22 10 52 113 18 119 50 365 22 0 0 255 14 10 10 384 22 128 0 0 10 76 113 38 10 123 74 18 80 121 113 22 202 123 87 18 285 120 117 22 404 123 80 18 128 0 0 404 76 80 38 119 84 283 22 395 162 89 28 0 0 0 0 1 2048 0 1 0 0 0
 100 100 269 184 20 20 80 80 0 120 20 40 80 80 0 120 150 20 80 80 180 120 150 40 80 80 180 120
 1024 4 1 0 0 0 1
 0 98 196 294 392 260 240 400 280 0 0 98 210 98 0 98 210 196 0 98 210 294 0 98 210 392 0 98 210 7 7 7 7 7 0 98 210 0 98 210 0 98 210 0 98 210 0 98 210 98 392 98 392 98 392 98 392 98 392 150
 100 100 338 230 2 2 30 0 70 20 0 255 0 0 8 30 20 0 60 15 255 0 0 0 15 75 10 0 50 15 255 255 0 0 8 30 255 0 0 10 10 20 20
 50.0f 200 160 355 253 5 200.0f 200.0f 5 0.0f 0.0f 0 0 1 0 0 0 0 0 100 100 0 0
 0 0 0 0 6 0 6 0 253 315 1 333 265 2 388 311 3 362 379 4 189 368 5 240 428 0 0 100 100 30 1000 6
 310 489 512 589 359 402 20 14 14 14 14 14 320 499 522 599 369 412
 310 489 512 589 359 402 20 14 14 14 14 14 200 300 300 100 100 400 400 300 300 350
 200 160 355 253 0 0 100 100 0 0
 16 30 20 22 30 60 36 30 120
 14 20 14 0 10 10 246 500 800 1000
 310 489 512 589 359 402 20 14 14 14 14 14 560.0 700.0 14 222 122 255 128
 0 0 255 10 110 40 256 256 256 300
 12 3 3 3
 200 160 308 230 200 200 0 0 90 90 95 95 90 90 10 10 20 20 45 25 200 140
 1978 100 100 277 263 10 12 66 18 10 38 66 18 56 10 194 22 56 36 194 22 10 91 240 124 10 21 220 93 41 62 72 23 0 148 62 72 23
 1978 2 0 0 1 6 0 1 1 0 2 1 0 100 100 277 263 10 10 241 205
 21F 21F 21F 1 500 3 1 500 0 2 50 750
 600 10 600 10 10 650 10 650 10 10 800 16 800 16 10 20 14 14 14
 1024 4 1 0 0 0 1
 840 780 10 0 80 50 15 130 18 186 12 502 24 300 24 694 10 86 28 186 42 86 35 289 42 86 35 37 50 143 18 602 43 86 28 694 43 86 28 1 393 42 86 35 497 42 86 35 10 10 1 1 1 1 0 0 1f 10f 5 5 0f 1 1 1 1 0 2 2
 0 0
 1 2010 480 2 2010 381 3 2010 264 4 2010 185 5 2010 209 6 2010 302 1 2010 315 2 2010 418 3 2010 580 4 2010 308 5 2010 200 6 2010 501 1 2010 310 2 2010 489 3 2010 512 4 2010 589 5 2010 359 6 2010 402 20 14 14 14 14 14
 310 489 512 589 359 402 20 14 14 14 14 14 320 499 522 599 369 412 15 15 15 15 15 15
 10 10 3 3 2 5 5 5
 100 100 800 600 2 2 52 120 191 61 124 102 0 180 191 104 18 256 256 256 500
 600 10 600 10 10 650 10 650 10 10 800 16 800 16 10 20 14 14 14 0.4f
 4 2 1
 310 489 512 589 359 402
 200 160 346 285 1 200 200 0 0 90 90 95 0 90 90 95 95 90 90 0 95 90 90 10 10 20 20 0 0 0 200 200 0 0 90 90 95 0 90 90 95 95 90 90 0 95 90 90 10 10 20 20 0 0
 14 20 14 0 0 0 0 500 800 1000
 100 100 300 220 1 20 20 100 60 4 160 20 100 60 6 20 100 100 60 8 160 100 100 60
 12 3
 0 0.0 100 100 338 220 30 1 0.1 2 0.1 0 0 40 40 80 50 10 0 0 338 220 0 1 2
 150 220
 310 489 512 589 359 402 501 200 308 580 418 315 480 381 264 185 209 302 20 14 14 14 14 14 0 1 2 0 1 2
 310 489 512 589 359 402 20 14 14 14 14
 5 22 0 0 0 270 270 2 2 360d
 30 10 70 10 30 30 70 30 30 50 70 50
 600 10 600 10 10 650 10 650 10 10 800 16 800 16 10 20 14 14 14 500 900 7 19
 100 100
 15
 700 800 54 10 54 30 54 50
 33 1 200
 100 100 354 205 16 100 72 0 8 1 1
 14 20 12 500 800 1000
 100 100 500 237 10 88 118 18 117 86 357 22 41 144 145 28 204 144 106 28 0 328 144 106 28 0 0 255 24 117 21 301 48 1 1024 1 0
 320
 570 390 1 1 100 80 574 397 0 0 570 390 0 0 10 10 0 0 1 1 1 2 4 0 0 570 390 0 0 570 390 0 1 2 4 0 0 570 390 0 0 570 390 0
 0 0
 310 489 512 589 359 402 20 14
 30 80 180 80 80 30 80 180 270 80 180 80 270 30 80 180
 0 2048 1 1 0
 100 100 482 189 10 95 106 28 2 10 44 106 18 114 42 341 22 179 95 106 28 0 349 95 106 28 1 200 0 1 0 1 1 0
 700 800 50 30 120 150 150 30 120 150 1.4 1.2f
 28 5
 180 150 50 10 50 5 5 150 50 5 5 90 15 15 65 150 20 5 5 35 15 30 65 120 60 5 5
 12 4 4 1 3
 310 489 512 589 359 402 20 14 14 14 14
 3124698225447711692L 120 35 20 0 0 0 0 20 20 30 35 10 20 30 90 10 5 0 4 26 65 20 120 20 120 20 120 45 3.14 180 22 8 7 0.8f 1f 1f 6 28 2 0 0
 6760471507923160452L 100 100 426 210 170 85 106 35 301 90 94 28 29 25 66 18 29 59 66 18 85 23 310 22 85 57 310 22 29 95 66 18 85 93 77 22 42 134 106 28 191 134 106 28
 700 800 50 10
 310 489 512 589 359 402 300 469 502 569 369 412 501 200 308 580 418 315 511 210 318 560 408 305 480 381 264 185 209 302 470 371 254 165 219 312 20 14 14 14 14 14
 200 160 420 320 1 0 0 30 72 0.4f 30 240 0 0 0 30 72 0.4f 30 240
 310 489 512 589 359 402 20 14 14 14 14 300
 0 0 0 0 0 0 200 160 355 276 1 1 1 1 0 0 0 0 5.0f 1 1.0f 0 4 4 0 0 0 0 1.5f 1.5f
 200 160 316 237 316 190 0 0 316 237 0 0 20 50 400 316 2
 14 20 14 500 800 1000
 310 489 512 589 359 402 20 14 14 14 14 5
 450 360 232 162 255 633 931 10 1 1 2 3 12 12 0.0f 0.0f 0.0f 0.0f 0 0 64 0.0f 0.0f 0.0f 0.0f 0 64 0 0 1 12 12 6.0 20 12 10 10 1 1 1 1 0 0 255 253 234 1 1 1 1 1f 10f 5 5 0f 1 1 1 1 0 40 60 50 12 1f 80 10 20 10 20 20 60 110 150 190 290 360 10 20 10 10 50 20 50 10 100 20 100 10 140 20 140 10 180 20 180 10 280 20 280 10 350 20 350 10 10 20 10 10 30 10 20 10 20 1 30 2 60 3 110 4 150 5 190 6 290 7 360 10 10 10 10 50 10 50 10 100 10 100 10 140 10 140 10 180 10 180 10 280 10 280 10 350 10 350 10 10 10 10 10 10 30 20 10 30 20 10 20 420 300
 0.05f 0.10f 0.30f 0.55f 60
 18 15 1
 316 190 0 0 0 0 0 230 20 50 440 316 2
 18 15 1
 100 100 326 202 0 30 0 0 10 10 0 0 200
 8339759858493972497L 100 100 369 271 26 26 66 18 26 130 66 18 83 24 122 22 83 83 245 140 1 1 2 211 21 117 28 26 59 66 18 83 55 245 22
 310 489 512 589 359 402 20 14 14 14 14
 10 120 72 0 8 1 1
 100 100 300 193 60 60 255 0 0 140 100 0 0 255 40 30 200 100 40 30 45 35 190 90 36 26
 0 1 1 255 400 200 270 375 0 0 2 10 0 10
 0
 2568309165342527300L 0 100 100 457 328 280 25 0 0 0 1 1 0 1 0 0 0 0
 500 800 1000 400 750 14 20 14
 0.25 0.25 120 100 0.15 0.15 900 950 60 150
 1 100
 310 489 512 589 359 402 20 14 14 14
 10 5 4 3
 100 100 340 211 29 135 106 28 0 0 255 16 89 22 171 35 29 98 66 18 98 96 189 22 0 181 135 106 28 29 63 66 18 99 63 188 22
 30 120 30 140 30 150 50 40 0 0 300 220 30 20 30 40 30 50 50 40
 840 750 10 1 300 24 10 10 1 1 1 1 0 0 1f 10f 5 5 0f 0
 10 3 1 5 5 0 15
 50 50 0 0 25 25 25 0 25 25 0 0 25 25 0 0 10 10 10 10 260 145
 100 100 351 257 1978
 1978 100 100 336 257
 0 1
 10 8 3 11 10 8 6 8 12 3 6 100 3 1 1 100 2 1 0 10 0
 310 489 512 589 359 402 501 200 308 580 418 315 480 381 264 185 209 302 20 14 14 14 14 14
 200 160 316 237 0.5f 0 0 100 0 0
 100 100 269 175 60 20 120 100 180 20 60 120 120 40 180 120
 20
 1 1978 1978 0 100 100 373 257 140 25 1 1 1 0 1 0 6 0 0 0 0 0 0 0 0
 1 1978 0 100 100 379 260 140 25 1 1 1 0 1 0 10 0 0 0 0 0 0 0 0
 232 162 255 840 770 10 1 0 70 30 25 130 18 500 24 161 20 500 24 676 20 86 28 10 10 1 1 1 1 0 0 255 253 234 1 1 1 1 1f 10f 5 5 0f 1 1 1 1 0 10 2 2 30 2 2 0.4f 2 2 2 2
 200 400 500
 50 30
 50 780 260 780 50 750 260 750 50 720 260 720
 500 800 1000 400 750 14 20 14
 1024 4 1 0 0 0 1
 0 0
 100 100 640 445 0 0 632 417 6 12 30 36 28 30 51 43 5 15 30 23 29 25 58 51 160 0 462 345 10 112 144 159 30 85 30 36 30 35 51 43 85 45 30 23 65 75 58 51
 200 160 446 305 0.0f 1.0f 0.0f 1.0f 5.0f 1.0f 0.0f 1.0f 0.0f 1 0 3 3 0 0 0 0
 12 3 3 3
 0 0
 100 100 300 220 300 220 0 0 255 1 0 255 1 255 24 16 0 0 0
 18 15 12 1 10
 12 42 0 0 30 120 2 12 12 2 72 72 50
 310 489 512 589 359 402 501 200 308 580 418 315 480 381 264 185 209 302 20 14 14 14 14 14
 1982 3 0 4 6 1 0 0 1 100 100 385 288 180 25 100 14 140 25 0 2 0
 0 0 0 0 0 0 200 160 355 276 2 10 1 1 1 1 0 0 0 0 5.0f 1 1.0f 0 0 0 0 0
 1200 800 50 30 120 150 150.0f 1.0f
 30 20
 310 489 512 589 359 402 501 200 308 580 418 315 480 381 264 185 209 302 20 14 14 14 14 14
 10 190 72 0.1 0.4
 15 30
 100 100 254 166 1978
 200 400 500
 100 100 360 240 0.5 0 10 20 220 160
 310 489 512 589 359 402 501 200 308 580 418 315 480 381 264 185 209 302 20 14 14 14 14 14 1 1 14 14 200 1
 620 410 310 300 390 500 20 14 14 20
 100 100 484 375 260 25 14
 310 489 512 589 359 402 501 200 308 580 418 315 480 381 264 185 209 302 20 14 14 14 14 14 0 5
 200 160 316 237 50 216 0 0 316 237 0 0 20 100 216 50 216 2
 0 100 100 386 314 0 0 0 0 1 1 0 1 1 0 1 0 1 1 1 1 1 1 1 1 1 0 1 0
 100 100 432 315 200 25 130 25 0 1 0 0 0 0
 0.5f 50 0 0 1 150 0.1f 2.0f 0.1f 0.5f 200
 100 100 365 205 15 60 60 20 20 100 120 60 80 130
 0
 8 100 100
 500 800 1000 400 750 14 20 14 0.7
 1 2010 480 2 2010 381 3 2010 264 4 2010 185 5 2010 209 6 2010 302 1 2010 315 2 2010 418 3 2010 580 4 2010 308 5 2010 200 6 2010 501 1 2010 310 2 2010 489 3 2010 512 4 2010 589 5 2010 359 6 2010 402 2 20 14 14 14 14 14
 12 5
 600 10 600 10 10 650 10 650 10 10 800 16 800 16 10 20 14 14 14 0.8f 0.3 0.3
 1978 100 100 385 266
 1978 0 100 100 385 266 180 25
 8339759858493972497L 100 100 369 271 26 26 66 18 26 130 66 18 83 24 122 22 83 83 245 140 1 1 2 1 211 21 117 28 26 59 66 18 83 55 245 22
 100 100 391 223 10 77 79 18 82 75 286 22 282 123 86 28 10 128 127 18 131 126 145 22 0 0 255 22 82 8 239 44
 500 800 1000 400 750 14 20 14 0.1 0.1
 25 30 20
 0 1 0 5 1 1
 1024 4 1 0 0 0 1
 100 80 808 584 350 150 50 50 350 210 66 50 0 0 255 16 0 131 95 88 616 485 149 47 400 60 50 50 20 640 20 100 100 100 200 255 0 0 26 40 428 468 80
 0 0
 100 100 354 205 16 100 72 0 3 3
 200 160 360 237 100 0 0 0 0 20 1 0 1 300 1 0 20 20 360 20 0
 1L 628 441
 5260642571525243284L 0 0
 50 30 10 2
 310 489 512 589 359 402 20 14 14 14 14 14
 200 160 316 237 0 0 300 237 30 60 0.3f 60 180
 220 150
 100 100 338 220 20 20 280 140 20 20 100 80
 500 800 1000 400 750 14 20 14
 0 0 0 0 2.0f 30.0f 30 40 220 40 265 188
 1 2010 480 2 2010 381 3 2010 264 4 2010 185 5 2010 209 6 2010 302 1 2010 315 2 2010 418 3 2010 580 4 2010 308 5 2010 200 6 2010 501 1 2010 310 2 2010 489 3 2010 512 4 2010 589 5 2010 359 6 2010 402 20 14 14 14 14 14 1 6 2010 5
 100 100 357 276 0 0 1.0f 5.0f 1.0f 5.0f 0 0 0
 20 30 20 0 400 1 20 30 20
 500 800 1000 400 750 14 20 14 0.1
 310 489 512 589 359 402 501 200 308 580 418 315 480 381 264 185 209 302 20 14 14 14 14 14 0.2
 100 100 356 235 0 0 4 2 0 0 10 40 0 0 0 0 1 1 0 1 2 13 12 0 0 12 12 16 0 28 1 12 1 0 12 1
 1 2 3 4
 3
 500 800 1000 400 750 14 20 14
 310 489 512 589 359 402 501 200 308 580 418 315 480 381 264 185 209 302 20 14 14 14
 0 0 0 3 1 1 71.4f 71.4f 71.4f 71.4f 12 12 40.9f 40.9f 40.9f 40.9f 79.1f 40.9f 79.1f 460 0 20.0f 0 0 3 1 1 6 0.01f 0f 0f 0.01f 20.0f 36 100 100 383 264 0
 60 103 170 150 120 80 180 140 80 120 120 70
 10 20 150 30 5 5 25 10 0.2 0.3 140 170
 10 10 2 60 40
 310 489 512 589 359 402 501 200 308 580 418 315 480 381 264 185 209 302 20 14 14 14 14 14 0
 18 15 1
 310 489 512 589 359 402 20 14 14 14 14 14 310 489 512 589 359 402
 200 160 316 237 104 60 10 0.90f 0 4 0 3 10 10 20 20 20 60 20 0 3 9 0 9 0.11f 0 3 3 0 0 0 0
 310 489 512 589 359 402 501 200 308 580 418 315 480 381 264 185 209 302 20 14 14 14 14 14 0.5f
 200 160 316 237 0.0f 1.0f 0.0f 1.0f 4.0f 1.0f 0.0f 1.0f 0.0f 0 3 3 0 0 0 0
 100 100 262 179 3 20 30 20 0 1 400 20 15 20
 14 20 12 500 800 1000
 100 100 351 257 1978
 1978 100 100 336 257
 1024 4 1 0 0 0 1
 0 100 100 466 276 0 0 458 242 180 55 106 96 29 185 56 56 114 185 56 56 199 185 56 56 284 185 56 56 80 15 253 28 369 185 56 56
 0 0 1 1 2 2 3 3 4 4 0 0 1 2 3 4
 0 0
 20
 310 489 512 589 359 402 20 14 14 14 14 14 320 499 522 599 369 412 15 15 15 15 15 15
 1024 4 1 0 0 0 1
 718623114650657819L 117
 7791539566768257092L 300 300 358 414
 653831947783440122L 9 0 0 3 0 3 3 1 0 1 0 1 0 0 0 3
 10 8 3 11 10 8 6 8 12 3 6 100 3 1 1 100 2 1 0 10 0
 209 170 210 32 3 3 3.5 3.5 15 13
 310 489 512 589 359 402 501 200 308 580 418 315 480 381 264 185 209 302 20 14 14 14 14 14 0
 600 10 600 10 10 650 10 650 10 10 800 16 800 16 10 20 14 14 14 0.8f
 200 160 439 319 9 0 9 0.11f 1 0 3 3 0 0 0 0
 500 800 1000 400 750 14 20 14 20
 310 489 512 589 359 402 501 200 308 580 418 315 480 381 264 185 209 302 20 14 14 14 14 14 1 1 14 14 200 1
 10 10 10 10 100 100 364 239 35 30 124 102 0
 600 10 600 10 10 650 10 650 10 10 800 16 800 16 10 20 14 14 14 0.8f 0
 100 100 352 259 100 120 180 140 150 100 50 60 20 80 20 85 90 120 180 140 180 120 90 85 10 210 270 310 270 210 170 20 20 65 110 110 65 6 180 220 260 240 260 220 180 200 120 140 120 160 200 180 200 160 8
 310 489 512 589 359 402 501 200 308 580 418 315 480 381 264 185 209 302 20 14 14 14 14 14
 120 35 20 0 0 0 0 20 20 30 35 10 20 30 90 10 5 0 4 26 65 20 120 20 120 20 120 45 3.14 180 22 8 7 0.8f 1f 1f 6 28 2 85 80
 620 410 300 300 390 500 20 14 14 20
 310 489 512 589 359 402 501 200 308 580 418 315 480 381 264 185 209 302 20 14 14 14 14 14
 310 489 512 589 359 402 501 200 308 580 418 315 480 381 264 185 209 302 20 14 14 14 14 14
 30 20
 50 650 200 150 70 675 160 100
 1689 810 490
 100 100 297 199 20 80 140 140 140 300 260 80
 0
 0 40 140 140 80 40 140 140 240 0 160 160 190 60 140 140
 310 489 512 589 359 402 20 14 14 14 14
 100 100 357 276 0 0 0 0 0
 0 0 0 0 0.0f 1.0f 0.0f 1.0f 6.0f 1.0f 0.0f 1.0f 0.0f 3 3 25 35 215 35 275 182
 200 160 310 230 0 0 310 230 0 0 42 10 110 150
 200 160 340 200 0 0 0 0 0 0 2 2 0 0 20
 14 20 12 500 800 1000
 310 489 512 589 359 402 501 200 308 580 418 315 480 381 264 185 209 302 20 14 14 14 14 14
 1 2010 480 2 2010 381 3 2010 264 4 2010 185 5 2010 209 6 2010 302 1 2010 315 2 2010 418 3 2010 580 4 2010 308 5 2010 200 6 2010 501 1 2010 310 2 2010 489 3 2010 512 4 2010 589 5 2010 359 6 2010 402 20 14 14 14 14 14 450.0
 12 3 3 10f
 1 18 200 810 32 100 750
 0 0
 310 489 512 589 359 402 20 14 14 14 14 0.5
 200 160 316 237 0.0f 0 0 60 30 120 0.1f 0.0f 0.0f 0.1f 1.0f 1.0f 150
 500 800 1000 400 750 14 20 14 0.3f
 120 720 80 120 720 40
 310 489 512 589 359 402 501 200 308 580 418 315 480 381 264 185 209 302 20 14 14 14 14 14
 310 489 512 589 359 402 501 200 308 580 418 315 480 381 264 185 209 302 20 14 14 14 14 14 1 1 200 1
 1024 4 1 0 0 0 1
 260 240 324 227 1 8 1 200
 50 216 0 0 316 237 0 0 20 100 216 50 216 2
 100 130 1 0 0 1 0 1 0 0 1 0 20 40 120 40
 200 160 316 237 3 3 0 0 5 10 10 7 0 0 3 9 0 9 0.11f 0 0
 310 489 512 589 402
 5 10 90 90 90 15 0.1f 0.2f 0.1f 0.2f 0.1f 0.3f 2 1 500 4
 310 489 512 589 359 402 501 200 308 580 418 315 480 381 264 185 209 302 20 14 14 14 14 14
 8339759858493972497L 100 100 369 248 22 26 12 302 41 26 59 66 18 26 130 66 18 83 57 245 22 83 83 139 117 1024.0 50.0 231 85 97 28 1 2 0 231 125 97 28 0 231 167 97 28
 310 489 512 589 359 402 20 14 14 14 14
 100 100 419 309 21 21 151 18 167 19 218 22 21 45 218 18 21 69 364 22 21 97 75 18 21 121 358 140
 42 27 122 64 54 37 130 69 67 48 137 73 185 143
 1.0f 200 160 316 237 0.5f 1.0f 0 0 0 0
 501 3 200 2 308 2 580 4 418 2 315 1 480 2 381 3 264 1 185 2 209 2 302 2 310 2 489 2 512 3 589 4 359 2 402 2 20 14 14 14 14 14
 486745172657329259L 100 100 300 207 26 21 126 25 26 45 126 25 155 22 103 22 155 46 103 22 26 79 97 18 26 103 111 18 26 127 109 18 155 77 103 22 155 101 103 22 155 125 103 22 10
 100 100 281 179 0 24 80 40 18 130 70 14 40 100 120 100 40 120 120 120 28 56 86 28 0 151 56 86 28
 0 3 2 0 0
 100 100 760 520 15 600 400
 0 0 0 0 0 0
 100 100 439 358 0 0 255 22 113 10 217 24 22 42 85 18 113 40 287 22 22 68 78 18 113 66 287 22 32 92 66 18 113 94 287 22 34 128 66 18 113 128 287 76 225 282 85 28 0 316 282 84 28 1024.0 1024 50.0 113 282 106 28 32 210 66 18 112 213 287 63
 310 489 512 589 359 402 501 200 308 580 418 315 480 381 264 185 209 302 20 14 14 14 14 14 1 1
 8 100 100
 310 489 512 589 359 402 20 14 14 14 14
 18 15 12 1 3
 0 0 0 0 256 1 0 256 255 0 35 40 220 40 265 175
 310 489 512 589 359 402 501 200 308 580 418 315 480 381 264 185 209 302 20 14 14 14 14 14 0.3
 310 489 512 589 359 402 20 14 14 14 14 14
 0 100 100 338 220 30 1 2 0 120 50 80 50 10 0 0 338 220 0 1 1.3 1.3 2 0.5 0.5
 14 20 12 5 500 800 1000
 0 100 100 386 314 0 0 1 1 0 1 1 0 1 0 1 1 1 1 1 1 1 1 1 0 1 0
 100 100 253 165 10 25 66 18 82 23 146 22 10 63 66 18 82 61 146 22 20 89 92 28 132 89 92 28
 100 100 333 199 40 50 26 10 100 20
 0 0 0 0 0 0 0 0 30 0.01f 0 0 1f 1 1 1 1 0 0 0.01f 0 0 0 5.0f 1 1.0f 0
 1 2010 480 2 2010 381 3 2010 264 4 2010 185 5 2010 209 6 2010 302 1 2010 315 2 2010 418 3 2010 580 4 2010 308 5 2010 200 6 2010 501 1 2010 310 2 2010 489 3 2010 512 4 2010 589 5 2010 359 6 2010 402 1 2010 7 2010 1 1 20 14 14 14 14 14
 8339759858493972497L 100 100 369 271 26 26 66 18 26 130 66 18 83 24 122 22 83 83 245 140 1 1 2 1 211 21 117 28 26 59 66 18 83 55 245 22
 1 2010 480 2 2010 381 3 2010 264 4 2010 185 5 2010 209 6 2010 302 1 2010 315 2 2010 418 3 2010 580 4 2010 308 5 2010 200 6 2010 501 1 2010 310 2 2010 489 3 2010 512 4 2010 589 5 2010 359 6 2010 402 20 14 14 14 14 14
 310 489 512 589 359 402 501 200 308 580 418 315 480 381 264 185 209 302 20 14 14 14 14 14 0.7f 0
 1 18 280 15
 310 489 512 589 359 402
 100 100 395 240 30 30 160 120 20 30 180 180 190 20 100 140 240 20 100 140
 100 100 338 198 10 20 60 80 50 35 50 10 120 60 80 50 135 50 10 220 60 80 50 235 50
 200 160 516 458 256 0 256 255 0 1 0 0 0 0 0
 100 100 333 226 28 150 150 28 0 0 255 16 46 21 223 35 28 112 66 18 87 110 199 22 0 191 150 95 28 28 72 66 18 87 70 199 22
 100 100 333 218 4 0 4 0xff 28 136 150 28 0 0 255 16 51 10 223 35 28 110 66 18 87 108 199 22 0 191 136 95 28 28 82 66 18 87 80 199 22 10 51 84 18 87 52 199 22
 1 1978 1978 0 100 100 373 257 140 25 1 1
 1 1978 0 100 100 379 260 140 25 1 1
 120 35 20 0 0 0 0 0 4 26 65 20 120 20 120 20 120 45 3.14 180 22 8 7 0.8f 1f 1f 6 28 2 85 80
 100 100 386 314 0 0 1 1 1 1 1 0 1 0
 0
 100 100 306 220 10 50 50 240 50 120 40 10 50 90 240 90 120 80 10 50 130 240 130 120 120
 200 160 316 237 0 0
 18 15 1
 1 1978 1 100 100 361 257 0 0 255 22 140 25
 0 1978 1 1 1 1 1 100 100 379 260 150 25 0 0 0 255 22
 100 100 273 167 70 50 180 50 70 80 180 80 110 10 140 120
 18 15 1
 500 800 1000 400 750 14 20 14
 600 10 600 10 10 650 10 650 10 10 800 16 800 16 10 20 14 14
 310 489 512 589 359 402 20 14 14 14 14 14
 1978 100 100 361 257 0 0 255 22 140 25
 1978 100 100 379 260 150 25 0 0 255 22
 0
 14 20 12 500 800 1000
 100 100 448 334 10 10 129 18 145 8 277 22 10 38 136 18 145 36 277 22 10 65 231 18 10 85 412 22 10 137 412 149 10 113 193 18
 200 160 316 237 20 20 260 160 0 0 20 20 260 160
 100 100 308 186 120 30 170 50 70 80 145 80 70 110 145 110
 30
 500 800 1000 400 750 14 20 14
 10 90 90 90 0.05f 0.10f 0.30f 0.55f
 10 120 80 3 3
 310 489 512 589 359 402 501 200 308 580 418 315 480 381 264 185 209 302 20 14 14 14 14 14 0.3
 10 30 30
 90 1 360 0
 500 800 1000 400 750 14 20 14 100
 50 50 50 80
 20
 14 20 12 5 500 800 1000
 3124698225447711692L 120 35 20 0 0 0 0 0 4 26 65 20 120 20 120 20 120 45 3.14 180 22 8 7 0.8f 1f 1f 6 28 2 0 0
 6760471507923160452L 100 100 426 210 170 85 106 35 301 90 94 28 29 25 66 18 29 59 66 18 85 23 310 22 85 57 310 22 29 95 66 18 85 93 77 22 42 134 106 28 191 134 106 28
 10 5 2 4 3
 8 100 100
 14 20 14 500 800 1000
 12
 20 70 185 60 120 20 65 160 230 70 185 60 290 20 65 160 25 56
 450 300 100 100 0 0 0 0 110 140 200
 0 100 100 338 230 30 1 2 0 120 50 80 50 10 0 0 338 230 0 1 0.2 0.2 2 0.2 0.2
 18 15 1
 310 489 512 589 359 402 501 200 308 580 418 315 480 381 264 185 209 302 20 14 14 14 14 14 1 0 1
 30 60 60 20 30 70 150 80 80 110 65 80 200 30 70 100 120 150 160 130
 100 100 356 438 0 1 0 4 2 0 0 10 40 0 0 0 0 1 1 0 1 2 13 12 0 0 12 12 16 0 28 1 12 1 0 12 1
 232 162 255 840 770 10 0 0 70 30 25 156 18 500 24 195 20 466 24 676 20 86 28 10 10 1 1 1 1 0 0 255 253 234 1 1 1 1 1f 10f 5 5 0f 1 1 1 1 0 2 2
 100 100 269 222 30 20 80 50 150 10 50 80 40 90 50 80 140 110 80 50
 32 65 40 16 50 80 50 120 50 160
 100 100 280 180 20 20 100 100 40 40 60 60 140 20 100 100 160 40 60 60
 320 223 121 67 20 20
 200 160 316 237 9 0 9 0.11f 0 3 3 0 0 0 0
 20 4.0f 4.0f 3.0f 3.0f
 0 0 310 230 0 0 42 30 110 150
 310 489 512 589 359 402 501 200 308 580 418 315 480 381 264 185 209 302 20 14 14 14 14 14
 15 120 60 20 20 100 120
 200 160 310 230 0 0 0 0 10 10 20 20 200
 14 20 12 1f 500 800 1000
 500 800 1000 400 750 14 20 14
 310 489 512 589 359 402 20 14 14 14 14 14
 500 800 1000 400 750 14 20 14 3f 3f 3f 3f 3f
 0 0 0 40 190 40 190 40 40 240 190 180 230 40 300 180 40 140
 0 0 100 100 488 375 0 55 190 40 190 40 40 240 190 180 230 40 300 180 40 140 0 0 482 341 27 100 106 28 0 40 300 315 286 20 20 2 20 20 2 20 20 2 20 20 2 0 40 50
 310 489 512 589 359 402 501 200 308 580 418 315 480 381 264 185 209 302 20 14 14 14 14 14
 150 120 380 277 0 190 120 190 120 95 80 190 160 10 360 200
 700 800 200 200 150 200 20 380 150
 700 800 120 130 200 100 220 80 370 120
 310 489 512 589 359 402 20 14 14 14 14 14 310 489 512 589 359 402 0.2 0.2 0.2 0.2 0.2 0.2
 100 100 361 257 1978 200 25
 1978 100 100 379 260 220 25
 100 100 386 314 0 0 1 1 0 1 1 0 1 0 1 1 1 1 1 1 1 1 1 0 1 0
 310 489 512 589 359 402 20 14 14 14 14
 600 10 600 10 10 650 10 650 10 10 800 16 800 16 10 20 14
 1024 4 1 0 0 0 1
 0 0 0 0 100 80 520 400 10 10 157 18 173 10 157 18 345 10 157 18 10 8 0 60 80 100 30 60 10 0 400 60 80 60 490 0 0 10 1000 60 60 60 60 60.0f 0 0 100 200 65 90 0 0 20 80 0 0
 0 0
 0 26 65
 310 489 512 589 359 402 20 14 14 14 14 14 0
 310 489 512 589 359 402 20 14 14 14 14 800
 310 489 512 589 359 402 20 14 14 14 14
 1 2010 480 2 2010 381 3 2010 264 4 2010 185 5 2010 209 6 2010 302 1 2010 315 2 2010 418 3 2010 580 4 2010 308 5 2010 200 6 2010 501 1 2010 310 2 2010 489 3 2010 512 4 2010 589 5 2010 359 6 2010 402 1 2010 7 2010 1 20 14 14 14 14 14
 10 3 3 3 3 200
 14 20 12 500 800 1000
 1982 0 0 3 3 5 0 100 100 385 266 2 0
 18 15 12 1
 200 160 316 237 0 0 0 0 0
 310 489 512 589 359 402 501 200 308 580 418 315 480 381 264 185 209 302 20 14 14 14 14 14
 310 489 512 589 359 402 20 14 14 14 14 14
 8339759858493972497L 100 100 369 248 22 26 12 302 41 26 59 66 18 26 130 66 18 83 57 245 22 83 83 139 117 1024.0 50.0 231 85 97 28 1 2 0 231 125 97 28 0 231 167 97 28
 200 160 316 237 0.0f 1.0f 0.0f 1.0f 5.0f 1.0f 0.0f 1.0f 0.0f 0 3 3 0 0 0 0
 8339759858493972497L 100 100 369 248 26 46 66 18 26 117 66 18 83 44 245 22 83 70 139 117 1024.0 50.0 231 72 97 28 1 2 3 0 231 112 97 28 0 231 154 97 28 83 10 122 22 1 1 2 1 211 7 117 28 26 12 66 18
 100 100 395 240 20 70 160 60 120 20 60 160 200 70 160 60 250 20 60 160
 310 489 512 589 359 402 501 200 308 580 418 315 480 381 264 185 209 302 20 14 14 14 14 14 0
 50 385 1 42 70 550
 100 100 338 230 80 5 160 10 160 90 256 256 256 0 100 256 256 256 10
 18 15 12 1 40
 8339759858493972497L 100 100 369 248 18 26 12 302 41 26 59 66 18 26 130 66 18 83 57 245 22 83 83 139 117 1024.0 50.0 231 85 97 28 1 2 0 231 125 97 28 0 231 167 97 28
 310 489 512 589 359 402 20 14 14 14 14 14 10 10
 310 489 512 589 359 402 501 200 308 580 418 315 480 381 264 185 209 302 20 14 14 14 14 14
 120 35 20 0 0 0 4 1 20 120 20 120 20 120 45 3.14 180 22 8 7 0.8f 1f 1f 6 28 2 85 80
 340 200 200 160 355 276 0 0
 14 20 12 500 800 1000
 100 100 269 222 3 0 162 232 30 40 60 60 233 123 16 60 70 60 60 28 20 100 92 40 60 60 0 255 0 122 70 60 60 255 0 0 154 40 60 60
 310 489 512 589 359 402 501 200 308 580 418 315 480 381 264 185 209 302 1 1 20 14 14 14
 300 100
 232 162 255 840 770 10 1 0 70 34 15 130 18 500 24 165 10 500 24 680 10 86 28 60 40 104 18 500 24 165 40 500 24 10 10 1 1 1 1 0 0 255 253 234 1 1 1 1 1f 10f 5 5 0f 1 1 1 1 0 10 2 2 30 2 2 0.4f 2 2
 0 0 820 360 0 8 30 28 56 86 28 0 151 56 86 28 0 1 1 2009 0 365 10000 24 14 18 1f 29 0.0 0.0 14 20 0.5f
 310 489 512 589 359 402 20 14 14 14 14 0.3
 0 1 30 60 2 30 60 30 80 50 40 3 30 60 30 80 50 40 30 60 30 80 50 40
 232 162 255 830 704 10 1 10 10 1 1 1 1 0 0 255 253 234 1 1 1 1 1f 10f 5 5 0f 1 1 1 1 0 60 40 70 12 1f 80 30 20 20 20 20 1 30 2 60 3 120 4 170 5 220 6 420 7 480 20 10 20 10 50 10 50 10 110 10 110 10 160 10 160 10 210 10 210 10 410 10 410 10 470 10 470 10 20 10 20 10 20 30 20 20 30 20
 310 489 512 589 359 402 20 14 14 14 14 600
 200 160 316 237 256 1 0 256 255 0 0 0 0 0 0
 100 100 278 185 1978
 310 489 512 589 359 402 20 14 14 14 14 14
 0 0 200 160 476 336 1 0 0 0.4f 0 0 0 0 0 0.4f 0 0
 310 489 512 589 359 402 20 14 14 14 14 14
 310 489 512 589 359 402 20 14 14 14 14
 1 2010 480 2 2010 381 3 2010 264 4 2010 185 5 2010 209 6 2010 302 1 2010 315 2 2010 418 3 2010 580 4 2010 308 5 2010 200 6 2010 501 1 2010 310 2 2010 489 3 2010 512 4 2010 589 5 2010 359 6 2010 402 2 2010 20 14 14 14 14 14
 0.8f 70 130 180 840 750 10 1 300 24 10 10 1 1 1 1 255 253 234 1 1 1 1 1f 10f 5 5 0f 1 1 1 1 0 2 2
 310 489 512 589 359 402 501 200 308 580 418 315 480 381 264 185 209 302 20 14 14 14 14 14 0
 100 100 373 257 1978 70 25 100 25
 1978 100 100 379 260 70 25 100 25
 0 100 100 338 230 30 1 0 10 10 80 50 10 0 0 338 230 0 0 0 1 120 60
 360 280 0 0 0 0 1 20 0 0 0
 1 100
 310 489 512 589 359 402 20 14 14 14 14 14 0.5
 100 100 365 205 10 170 72 0.1 0.4
 18 15 1
 30 100
 18
 50 60
 0 0
 500 800 1000 400 750 14 20 14 20 20
 310 489 512 589 359 402 501 200 308 580 418 315 480 381 264 185 209 302 1 2 20 14 14 14
 310 489 512 589 359 402 20 14 14 14 14
 50 40
 200 160 391 288 200 25 160 25 0 0 0 0 0
 310 489 512 589 359 402 20 14 14 14 14 14
 10 8 3 11 10 8 6 8 12 3 6 100 3 1 1 100 2 1 0 10 0
 100 100 340 211 29 113 106 28 0 0 255 16 73 22 171 35 29 75 66 18 88 73 199 22 0 181 113 106 28
 100 100 400 205 0 0 255 2 90 40 256 256 256 300
 310 489 512 589 359 402 501 200 308 580 418 315 480 381 264 185 209 302 20 14 14 14 14 14 0 5 1 10.0f 16.0f 0.0f
 100 100 439 358 0 0 255 22 70 10 274 24 22 42 85 18 113 40 287 22 22 68 78 18 113 66 287 22 32 92 66 18 113 94 287 22 34 128 66 18 113 128 287 76 225 282 85 28 0 316 282 84 28 1024.0 1024 50.0 113 282 106 28 32 210 66 18 112 213 287 63
 100 100 253 165 10 25 66 18 82 23 146 22 10 63 66 18 82 61 146 22 20 89 92 28 132 89 92 28
 1978 3 5 0 100 100 385 266
 1978 0 0 100 100 385 288 180 25 100 180 25
 310 489 512 589 359 402 501 200 308 580 418 315 480 381 264 185 209 302 20 14 14 14 14 14 0 5
 310 489 512 589 359 402 20 14 14 14 14 14
 310 489 512 589 359 402 20 14 14
 0 0 0 0 0.0532f 0.132f 0.0532f 0.132f 0.19f 0.138f 0.0532f 0.132f 0.0532f 3 3 25 35 215 35 268 186
 500 800 1000 400 750 14 20 14 20 20
 200 160 316 237 0.0f 0 0 0 0 50 40 100 80 0.1f 0.0f 0.0f 0.1f 1.0f 1.0f 200
 100 100 269 184 30 40 80 60 140 40 80 60
 100 100 800 600 30 30 2 0 0 1000
 0 0 0 1
 1024 4 1 0 0 0 1
 0 0
 0 0 0 0 10 20 50 100 0 673 577 253 143 57 55 304 231 57 55 354 143 57 55 216 337 106 28 339 337 106 28 215 386 106 28 339 386 106 28 216 420 106 28 339 420 106 28 2 339 454 106 28 339 505 106 28 16 0 0 255 121 478 137 55 6 1 6 1 6 1 50 9 9 0 0 20 0 2 1 255 0 0 0 0 255 20 100 1000
 450 360 232 162 255 633 931 10 1 1 2 3 12 12 12 12 6.0 20 12 10 10 1 1 1 1 0 0 255 253 234 1 1 1 1 1f 10f 5 5 0f 1 1 1 1 0 40 60 50 12 1f 80 10 20 10 20 20 60 110 150 190 290 360 10 20 10 10 50 20 50 10 100 20 100 10 140 20 140 10 180 20 180 10 280 20 280 10 350 20 350 10 10 20 10 10 30 10 20 10 20 1 30 2 60 3 110 4 150 5 190 6 290 7 360 10 10 10 10 50 10 50 10 100 10 100 10 140 10 140 10 180 10 180 10 280 10 280 10 350 10 350 10 10 10 10 10 10 30 20 10 30 20 10 20 420 300
 310 489 512 589 359 402 20 14 14 14 14 5
 310 489 512 589 359 402 20 14 14 14 14 200
 0 0 0 3 1 1 100 100 420 281 0 0 0 1 0 0 3 1 1
 310 489 512 589 359 402 501 200 308 580 418 315 480 381 264 185 209 302 20 14 14 14 14 14 0 1 2
 310 489 512 589 359 402 20 14 14 14 14
 100 100 254 167 38 86 73 28 140 86 73 28 38 35 175 22
 10 10 254 167
 15
 100 100 800 600 20 20 2
 250 250 250 200 5 100 54 0 0 0 1 0 0 0 0
 100 100 281 179 0 3 0 162 232 30 40 60 60 233 123 16 60 70 60 60 28 20 100 92 40 60 60 0 255 0 122 70 60 60 255 0 0 154 40 60 60 28 56 86 28 0 151 56 86 28
 500 800 1000 400 750 14 20 14
 30 385 1
 100 0 0 0 0 20 1 0 1 1 0 20 20 360 20 0 1000
 8 100 100
 28 3 3
 2
 10 3 200 3 3 200 3 3 200 3
 100 100 326 202 0 60 326 30 60 30 30 0 0 1 5 10 10 30 10 30 0 0 10 30 10 30 200
 0 0 500 360 0 8 30 28 56 86 28 0 151 56 86 28 1 2 3 20 12 12
 100 100 395 240 20 70 160 60 120 20 60 160 200 70 160 60 250 20 60 160
 100 100 439 299 0 0 255 22 144 10 185 24 22 42 85 18 113 40 287 22 22 68 78 18 113 66 287 22 32 92 66 18 113 94 287 22 34 128 66 18 113 128 287 91 144 225 78 28 0 279 225 78 28
 8339759858493972497L 100 100 369 232 26 43 66 18 26 114 66 18 83 41 245 22 83 67 139 117 1024.0 50.0 231 69 97 28 1 2 3 0 231 109 97 28 0 231 151 97 28 83 10 122 22 1 1 2 211 7 117 28 26 12 66 18
 2 2 2 2 16 300 200 300 240 0 0 0.0D 0.0D 0 2 2 2 2 2
 12 3 3
 850 850 50 50 200 150 70 70 160 110
 15 180 180 12 260 800 305 800 12 1
 1 25 15 15 180 760 0 2 2 20 100 600 0
 100 100 395 240 20 20 160 160 90 20 160 160 200 70 160 60 250 40 60 60
 20 20 70 129 5 7 35 35 82 139 10 12 59 59 92 151 20 22 165 30
 6760471507923160452L 100 100 426 210 170 85 106 35 301 90 94 28 29 25 66 18 29 59 66 18 85 23 310 22 85 57 310 22 29 95 66 18 85 93 77 22 42 134 106 28 191 134 106 28
 3124698225447711692L 120 35 20 0 0 0 4 1 20 120 20 120 20 120 45 3.14 180 22 8 7 0.8f 1f 1f 6 28 2 0 0
 310 489 512 589 359 402 501 200 308 580 418 315 480 381 264 185 209 302 20 14 14 14 14 14 0.5f
 35 65 150 80 10 120 20 5 40 180 120 70 180 20 19 90 200 100 5 300 20 195 160
 215 45 15 45 300 100 60 100 120 75
 0 0 0 0 3 3
 1L 0 0 300 200
 0 0 900 600 147 22 0 8 30 0
 16 30 20 22 30 60 28 30 120
 200 160 371 271 0.0f 1.0f 0.0f 1.0f 4.0f 1.0f 0.0f 1.0f 0.0f 1 0 3 3 0 0 0 0
 0 0 0
 0 0 0 0 0.0f 1.5f 0.0f 1.5f 6.0f 1.5f 0.0f 1.5f 0.0f 3 3 25 35 217 35 258 186
 14 20 14 2 2 2 2 500 800 1000
 620 410 300 300 390 500 20 14 14 20
 1978 10000 100 100 336 257
 310 489 512 589 359 402 501 200 308 580 418 315 480 381 264 185 209 302 20 14 14 14 14 14 0.5f
 500 800 1000 400 750 14 20 14 120
 310 489 512 589 359 402 20 14 14 14 14 14 310 489 512 589 359 402
 80 20 160 160 130 80 140 140 240 35 120 120 290 20 160 160
 90 1 0 360
 500 800 1000 400 750 14 20 14 100
 310 489 512 589 359 402 501 200 308 580 418 315 480 381 264 185 209 302 20 14 14 14 14 14 1 1 14 14 200 1
 150 120 380 310 80 10 260 150 10 80 10 260 150 10 80 10 260 150
 1 810 18 2 2 15 18
 14 20 14 500 800 1000
 200 400 500
 450 360 232 162 255 633 931 10 1 1 2 3 20 12 12 10 10 1 1 1 1 0 0 255 253 234 1 1 1 1 1f 10f 5 5 0f 1 1 1 1 0 40 60 50 12 1f 80 10 20 10 20 20 60 110 150 190 290 360 10 20 10 10 50 20 50 10 100 20 100 10 140 20 140 10 180 20 180 10 280 20 280 10 350 20 350 10 10 20 10 10 30 10 20 10 20 1 30 2 60 3 110 4 150 5 190 6 290 7 360 10 10 10 10 50 10 50 10 100 10 100 10 140 10 140 10 180 10 180 10 280 10 280 10 350 10 350 10 10 10 10 10 10 30 20 10 30 20 10 20 420 300
 700 800 120 100 200 100 220 80 370 150
 50
 310 489 512 589 359 402 501 200 308 580 418 315 480 381 264 185 209 302 20 14 14 14 14 14 0 5 1 10.0f 16.0f 0.0f
 500 800 1000 400 750 14 20 14 90
 100 100 326 220 30.0f 30.0f 10 1.0f 0 20 50 300 50 110 40 10 1.0f 0 20 90 300 90 110 80 10 1.0f 0 20 130 300 130 110 120
 25 40 150 150 67 40 65 150 180 190
 25 40 150 150 67 40 65 150 150 210
 30 40 30 80 30 100 50 40
 620 410 300 300 390 500
 3 3 100 100 364 312 3 0 1 2 20 5 0 3 50 50 50 150 80 80 0 1 2 0 3 0 3 80 80
 310 489 512 589 359 402 501 200 308 580 418 315 480 381 264 185 209 302 20 14 14 14 14 14 1 1 14 14 200 1 0.3
 0 100 100 386 314 0 0 0 0 1 1 0 1 1 0 1 0 1 1 1 1 1 1 1 1 1 0 1 0
 0 0 500 360 0 8 30 28 56 86 28 0 151 56 86 28 1 2 3 12 12 12 12 6.0 20 12
 1978 100 100 260 167
 14 20 12 500 800 1000
 0 0xFF 1
 310 489 512 589 359 402
 4 3 2 60 55 36 2 2 0 0 1 1 0 12 2 20 14 2 35 60 6 150 60 6 12 360 12 2 0x2F2F2F 5 5 10 10 1 1 1 1
 0.7f 100 30 217 257 0 0.05 0.95f 1f 0.05 0.1f 0.1f 0 30 30 1000
 100 100 356 225 0 0 4 0 0 10 40 12 0 50 0 0 0 0 1 1 0 1 2 13 12 0 0 12 0 0 6.0 12 12 16 0 28 1 12 1 0 12 1
 1 1978 1978 0 100 100 373 257 140 25 1 1
 1 1978 0 100 100 379 260 140 25 1 1
 1 2010 480 2 2010 381 3 2010 264 4 2010 185 5 2010 209 6 2010 302 1 2010 315 2 2010 418 3 2010 580 4 2010 308 5 2010 200 6 2010 501 1 2010 310 2 2010 489 3 2010 512 4 2010 589 5 2010 359 6 2010 402 20 14 14 14 14 14
 2 24 2 12 1
 310 489 512 589 359 402 20 14 14 14 14 200 1000
 100 100 278 184 40 20 80 80 0 150 140 20 80 80 180 150 40 40 80 80 0 110 140 40 80 80 180 110
 200 160 376 237 12 0 0 30 120 1 12 12 1 72 72 50
 310 489 512 589 359 402 20 14 14 14 14
 2 1.1
 0
 0 10000 2 0 1000
 100 100 298 188 5 5 5 5 70 54 147 30
 100 100 557 300 5 5 5 5 0 0 10 20 30 40 50 60 70 15 0
 7 11 13 17
 12 21 12 21 12 21
 1L 0xeeee00 12 1 1 1 1 7 0 7 0 0 1 2 3 4 5 6 6 6 7 0 6 0 7 0 0 0 0 0 4 0 0 0 0 0 3 2 0 1.0 0 0 0 0 0 0 0 0 0 1 0 0 0 0 0 0 11 22 162 30 1 1 0 0 0 0 0 7 1 200 260 1 1 1 1 0 0
 100 100 367 222 102 204 204 5 5 5 5 6 6 162 170 180 6 162 170
 100 100 450 300 5 5 5 5 0 0 434 262 139 24 157 15 70 72 285 150 0
 1 0
 2671056183299397274L 100 100 450 300 5 5 5 5 0 0 16 1 2 5 5 0 0 16 16 0 0 16 16 0 10 10 100
 318939036460656104L
 7359353924560627099L 100 100 200 150 5 5 5 5 0 0 3 16
 100 100 450 329 5 5 5 5 0 0 434 291 16 123 26 213 34 34 70 364 173 0 108 253 73 23 231 253 73 23 0 1 0
 1 2 3 4
 8633179606754193326L 100 100 450 200 5 5 5 5 3 1 5 5 16 16 20 16 16 20 18 6
 100 100 450 253 5 5 5 5 10 10 414 15 10 32 248 21 10 268 31 156 23 10 63 414 142
 2 0
 100 100 425 300 5 5 5 5 0 0 409 262 33 51 311 151 33 20 156 21 43 218 68 23 152 218 68 23 258 218 68 23 0 0 0
 0 0 0
 1000 0
 11
 3225753245258184286L 100 100 300 300 5 5 5 5 0 0 2 1 5 5 18 18 18 1024 1024 100 1000
 8396517822004869094L
 10
 8885017327239429018L 100 100 450 300 5 5 5 5 0 0 16 18 16 16 14 30 16 35 0 1 0 1024 0 1 0
 1206 0f 200 200 1 0.95f 2 0.90f 3 0.85f 4 0.83f 5 0.80f 6 0.78f 7 0.75f 8 0.73f 9 0.70f 10 0.65f 0.60f
 5470252730830476560L 100 100 450 250 5 5 5 5 0 0 16 0 10 10 100 2 2 0
 7039422656649417533L
 1 2 3 4 1 2 3 4
 1024 1024 1 0 0 1 1024 1024 0 1
 100 100 430 211 5 5 5 5 0 0 414 181 47 41 54 20 105 41 178 21 10 303 40 67 23 34 86 67 15 105 83 178 21 10 313 86 44 15 101 138 93 23 229 138 93 23 0 0
 6521213447483459142L 100 100 400 100 5 5 5 5 0 0 1 2 5 5 16 16
 1 2 4 3 5 6 0
 10 100 100 450 300 5 5 5 5 0 0 0 0 0 0 0 1.0 1.0 0.0 1.0 0.0 0 0 5 0 0 0 0 0 5 0 0 1 0 0 5 0 0 2 0 3 0 50 1 0 1 0
 7276218747655657438L 100 100 225 150 5 5 5 5 0 0 16 0 2
 100 100 450 300 5 5 5 5 0 0 434 262 62 27 209 15 281 23 74 23 47 77 339 155 0 0
 1 2 3 4
 1 1 0
 3 1 2 2 1 3 3 0 1 2
 100 100 412 300 5 5 5 5 0 0 10 5 0 8 1000
 5093584478732778943L 100 100 450 300 5 5 5 5 0 0 18 0 0
 5582155191183049854L 100 100 450 300 5 5 5 5 0 0 16 16 10 16 16 16 0
 1 2 3 4 5 0
 100 100 532 373 5 5 5 5 0 5 5 0 10 2 200 0 0 0 450 100 0 200 0 0 30 0 0 10 0 0 0 1 1 0 1 2 0 0 0
 100 100 260 190 5 5 5 5 10 15 122 15 80 10 141 25 90 119 93 23 10 87 60 15 80 82 141 25 10 50 122 15 80 45 141 25
 2686990740589101209L 100 100 350 250 5 5 5 5 0 0 16 1 2 10 10 0 0 16 16 0 0 16 16 0
 1 2 3 4 5 6
 100 100 622 300 5 5 5 5 0 0 606 262 15 215 26 165 27 43 78 512 161 0
 5592010207848128980L 100 100 450 300 5 5 5 5 0 0 16 16 10 16 16 14 30 16 35 0 0 1
 1024 5 1 0 0
 7163184739179614764L 100 100 400 180 5 5 5 5 3 1 5 5 16 16 18 16 16 10 16 16
 1127454227002083871L 100 100 450 300 5 5 5 5 0 0 16 16 10 16 14 30 16 35 0 2
 100 100 450 300 5 5 5 5 0 0 434 262 44 25 146 23 238 25 146 23 33 58 362 194 0 0 0
 1 2 3 1 2
 100 100 501 184 5 5 5 5 0 0 10 91 81 0 0 66 0 23 0 0 0 0 0.0 0.0 0.0 1.0 0.0 0.0 0.0 0.0 0 0 5 5 0 0 3 0 0 5 0 1 0 10 0 0 5 5 0 1 3 0 0 5 0 1 1 10 0 0 5 5 0 2 3 0 0 5 0 1 2 10 4 0 3 1024 0 0 0
 100 100 450 300 5 5 5 5 0 0 434 262 13 65 20 297 27 54 71 316 159 0
 1
 1 2 3 4 5
 100 100 450 300 5 5 5 5 0 0 434 262 14 101 10 269 31 40 51 345 185 0
 0 2 0 3 0 3 100 100 450 300 5 5 5 5 0 0 0 125 2 250 0 60 0 0 0 17 0 0.0 1.0 0.0 0.0 0.0 3 0 0 5 5 0 0 0 0 0 5 0 1 0 0 0 5 1 1 10 2 1 1 0 0
 100 100 354 206 10 27 112 98 154 6 187 154
 1024 4 1 0 0 0 1
 1 0
 100 100 450 300 5 5 5 5 0 0
 0 0 2 2
 1 2 1 2
 100 100 450 300 5 5 5 5 432 0 433 262 56 33 54 15 98 30 54 21 173 33 48 15 220 30 60 21 35 61 365 191 290 29 93 23 0 0
 5189246904858249548L
 8615322216569328062L 100 100 300 150 5 5 5 5 0 0 1 2 5 5 16 16 6 0 1
 2734697597567545697L 100 100 450 300 5 5 5 5 0 0 16 16 10 16 16
 8722656519909578699L 100 100 400 175 5 5 5 5 3 1 5 5 16 16 10 16 18 16
 1 2 0
 100 100 450 300 5 5 5 5 0 0 500 100 100 100
 0
 1 2 3 4 5 6
 100 100 406 360 5 5 5 5 0 0 390 322 63 24 45 15 118 21 194 21 10 63 55 45 15 118 83 194 21 10 118 52 55 21 63 86 45 15 63 118 54 15 118 115 194 21 10 63 153 54 15 118 150 194 21 10 63 187 54 15 118 183 194 69 107 275 66 23 205 275 66 23 322 24 54 15 322 118 54 15 322 153 54 15 0
 100 100 629 428 5 5 5 5 0 0 200 200 1
 100 100 409 300 5 5 5 5 0 0 393 262 55 21 54 15 101 18 216 21 10 55 57 48 15 101 54 216 21 10 55 95 54 15 101 92 67 21 55 132 54 15 101 129 216 21 10 55 175 54 15 102 172 215 21 10 101 214 67 23 208 214 67 23
 100 100 450 300 5 5 5 5 0 0 434 262 18 136 22 181 33 27 65 380 145 0 113 220 76 23 228 220 76 23 1 0
 1 2 3 4 5 1 2 3 4 1 2 3 4
 67 78 63 22 66 55 68 78 95 44 95 97 92 93 81 60
 2671056183299397274L 100 100 450 300 5 5 5 5 0 0 16 1 2 5 5 0 0 16 16 0 0 16 16 0 10 10 100
 0 0 0 1
 100 100 450 300 5 5 5 5 0 0 434 262 24 33 75 15 108 30 196 21 10 326 29 98 23 36 85 63 15 108 82 108 21 10 226 85 52 15 288 82 63 21 36 136 371 116 361 81 63 23 0
 7380411131151951458L 100 100 450 300 5 5 5 5 118 28 268 237 5 232 0 0 0 0 0 0
 0 1 2 1 2 0 3 0 1
 3479036492186972580L 100 100 450 300 5 5 5 5 0 0 0 12 10
 0
 138842864977841594L 100 100 450 300 5 5 5 5 0 0 16 18 16 16 14 30 16 35 1 1024 1 0 1 0
 1 2 3 4 5 0
 1644485036183526329L 10 100 100 450 300 5 5 5 5 0 0 16 1 3 5 5 0 0 16 16 0 0 16 16 0 0 16 16 0 255 100 0 0 100
 5334116242803068391L 0 0 1 1
 7532176128727149929L 100 100 450 200 5 5 5 5 0 0 4 2 0 0 0 1 1 0 1 1 2 0 2 1 3 0 3 1 16
 100 100 385 332 5 5 5 5 40 0 0 0 19 98 109 64 0 40 0 0 217 6 109 64 0 0 0 40 19 6 109 64 0 0 40 0 217 98 109 64 0 0 40 40 19 193 109 64 40 40 0 0 217 190 109 64 19 68 122 18 6 255 154 18 202 255 160 18 217 68 122 18 19 163 122 18 217 163 122 18
 3565066800404854013L 100 100 150 100 5 5 5 5 0 0
 863116705726089148L 1 1
 100 100 450 300 5 5 5 5 0 0 434 262 14 110 30 223 15 46 80 337 142 0
 1 2 3 1 2 3
 100 100 362 217 5 5 5 5 0 0 351 180 52 30 74 15 136 27 148 21 10 37 73 89 15 136 70 148 21 10 71 122 74 23 176 122 74 23 100 9 1
 1 2 3
 100 100 398 271 255 239 213 5 5 5 5 0 0 16 16 16 16 24
 1 2 3 4 0
 2 1 2 3 1.1 2.2 3.3
 1 2
 6958862396834653216L 100 100 450 300 5 5 5 5 0 0 434 262 14 152 29 132 15 45 68 339 159 0
 100 100 450 270 5 5 5 5 0 5 90 325 0 30 30 0 0.0 1.0 0.0 0.0 1 0 0 5 0 0 0 0 0 5 0 1 0 10 0 0 0 5 0 1 1 1 10 0 2 1 1 1
 100 100 450 300 5 5 5 5 0 0 434 262 134 27 148 15 39 68 349 172 0
 100 100 450 355 5 5 5 5 0 0 434 317 14 140 20 165 26 29 56 376 184 0 140 268 142 23
 1 2 3 4 1 2 3 4 5 6
 450 100 100 0 221 135 206 250 5 5 5 5 245 222 179 30 6 6 422 72 31 90 55 18 31 134 55 18 83 84 184 30 10 83 128 184 30 10 304 84 90 30 304 128 90 30 0 10 2 10
 3141724420666276089L 100 100 450 300 5 5 5 5 0 0 16 18 16 16 14 30 16 35 1 1024 1 0 1 0
 1311689308422117198L 100 100 300 240 5 5 5 5 0 0 0 0 16 2 3 5 5 16 16 16 16 16
 1 44 1
 10.0 10.0 60000 1000.0 60000 60 60000.0 60000 60 24 60000.0 60 60000.0 60 24 0 1000000000
 10 100 100 450 300 5 5 5 5 0 0 0 0 0 0 0 1.0 0.0 0.0 1.0 0.0 0 0 5 0 0 0 0 0 5 0 0 1 0 0 5 0 0 2 0 3 0 90 0 1 2 0
 100 100 501 143 5 5 5 5 10 10 84 15 88 2 289 30 10 389 2 90 30 83 37 396 60 0 1
 5988076597643890566L 100 100 400 140 5 5 5 5 2 1 5 5 1 2 5 5 18 18 1 2 5 5 18 18
 100 100 450 300 5 5 5 5 0 0 434 262 22 36 114 23 22 187 114 23 152 188 228 21 10 152 36 228 129 102 229 114 23
 0
 12 114
 1 2
 0 0
 100 100 496 396 5 5 5 5 0 0 483 361 69 92 328 158 123 284 72 23 258 284 72 23
 100 100 372 395 5 5 5 5 18 50 318 224 0 0 24 18 6 318 32 59 286 124 30 195 286 90 30 1000 10 0
 8897601338301442816L 100 100 400 250 5 5 5 5 0 0 16
 9037418437879471072L 100 100 350 150 5 5 5 5 2 1 5 5 16 10 16 16 1024 0 1 0
 0 0 0 0
 1L 148 145 140 0 0 300 301 0 345 100 391 80 60 30 0 148 145 140 1 0 1 1 1 0 100 100 660 484 1 1 1 0
 1 2 3 4 5
 100 100 450 300 5 5 5 5 0 0 434 262 14 123 32 203 15 37 82 359 156 0
 100 100 450 193 5 5 5 5 12 14 101 15 109 14 313 99 109 116 101 25 222 118 63 21 10 297 121 54 15 0 0
 1 6 100
 1 6 100
 0 0 1 0
 6450255764865674830L 100 100 450 300 5 5 5 5 0 0 16 16 15 16
 2023927771503799059L 100 100 400 180 5 5 5 5 3 1 5 5 16 16 15 16 16 15 16 16 1 0 1
 1 2 3
 100 100 450 300 5 5 5 5 0 0 434 262 39 25 41 15 90 22 185 21 10 305 21 79 23 30 77 372 152 0
 197766755999871168L 100 100 450 200 5 5 5 5 5 5
 100 100 337 300 5 5 5 5 0 0 321 262 51 41 59 15 97 38 155 21 10 51 69 54 15 97 66 155 21 10 51 130 54 15 97 127 155 21 10 51 158 54 15 97 158 155 21 10 51 94 54 15 97 94 155 21 10 51 189 54 15 97 189 155 21 10 97 220 114 23
 0 0 1 2 3 4 5 0 1 2 3 4 5
 4239009401384819805L 100 100 450 300 5 5 5 5 0 0 16 1 2 5 5 0 0 16 16 0 0 16 16 0 5 100 0 5 1000
 5 8 0 6
 100 100 322 221 5 5 5 5 0 0 18 255 0 0 14 31 104 32 14 63 104 32 14 95 104 32 14 127 104 32 161 128 90 30 18
 1 0
 100 100 450 300 5 5 5 5 0 0 434 262 27 55 65 15 88 55 116 138 0 214 55 65 15 0 277 55 116 138 139 217 65 23 243 217 65 23 0 0
 10 0 0 10 0 123456789 0
 1 2 3 4 5
 100 100 450 300 5 5 5 5 0 0 434 262 13 98 24 213 15 39 70 356 144 0
 10 50 1000
 6092916733029206964L 100 100 450 300 5 5 5 5 0 0 16 16
 100 100 508 300 5 5 5 5 0 5 5 0 10 0 0 0 0 200 30 0 0 0 1 1 0 1 2 0 0 0
 1 2 3 4 5 6
 100 100 501 300 5 5 5 5 0 0 485 262 33 32 54 15 73 29 69 21 152 32 41 15 192 29 54 21 256 32 34 15 290 29 66 21 10 33 90 418 144 382 28 69 23 0 0
 100 100 448 389 5 5 5 5 0 3 0 0
 2634692504060297073L 100 100 450 300 5 5 5 5 0 0 16 16 0 0 0 59 59 59 4 1 15 15 0 0 14 14 14 0 0 14 14 14 0 0 14 14 14 0 0 14 14 14 0 1 0 1 0 1 0 1 100 100 100 100
 1
 100 100 504 208 5 5 5 5 10 0 488 173 10 41 133 15 153 38 191 21 10 361 37 93 23 21 86 118 15 0 153 83 191 21 361 82 93 23
 1 2 3 4 5 0
 1 2
 100 100 450 300 5 5 5 5 103 64 206 30 103 106 206 30 300 200 300 200
 100 100 450 300 5 5 5 5 6 6 265 18 8 1 6 36 422 30 10 164 78 90 30 6 118 422 138 0 8 1
 100 100 344 224 5 5 5 5 0 0 335 186 41 21 105 24 41 51 103 23 187 51 103 23 41 76 103 23 187 76 103 23 41 101 103 23 187 101 103 23 176 140 93 23
 0
 1943739671316999698L 0 0
 1686879401938151474L 100 100 450 300 16 16 16 16 16
 1 1 1
 2
 2671056183299397274L 100 100 450 300 5 5 5 5 0 0 16 1 2 5 5 0 0 16 16 0 0 16 16 1 0 10 10 100
 2734697597567545697L 100 100 450 300 5 5 5 5 0 0 16 16
 100 100 450 273 5 5 5 5 0 0 434 245 48 49 74 15 132 46 238 21 10 66 90 54 15 132 87 238 21 10 66 127 54 15 132 124 238 21 10 66 171 54 15 132 168 238 21 10
 0
 1 1024 1 0
 100 100 450 176 5 5 5 5 0 0 434 139 48 43 67 15 125 40 174 21 10 320 39 74 23 36 89 80 15 0 125 86 174 21 320 85 74 23
 0 100 100 480 343 5 5 5 5 0 0 389 259 59 30 20 20 200 200 0
 500
 100 1000 1000
 1 2 3 4 5 0
 0 0 1 2 3 1 5 0 1 2 1.2 3 1 1
 100 100 383 409 5 5 5 5 72 54 60 87 91 0 25 25 10 25 24 25 2 216 0 0.0 0.0 0.0 0.0 0.0 0.0 0.0 0.0 0.0 0.0 0.0 0.0 0.0 0 0 5 5 3 1 0 0 0 5 5 0 1 0 0 5 5 3 1 1 0 0 5 0 4 1 0 0 5 0 5 0 2 0 0 5 0 5 0 3 0 0 5 5 0 4 0 0 5 5 3 1 4 0 0 5 5 0 5 0 0 5 5 1 5 0 0 5 5 2 5 0 0 5 5 3 5 0 0 5 0 4 5 0 0 5 0 5 0 6 5 0 7 0 1
 100 100 481 231 5 5 5 5 0 0 465 262 42 45 72 15 124 42 197 21 10 341 41 93 23 42 104 72 15 124 101 197 21 10 341 100 93 23 169 145 93 23
 0 1024 1 0
 100 100 449 241 5 5 5 5 32 6 6 421 106 10 10 20 20 59 145 90 30 259 145 90 30
 0 0
 100 100 450 300 0 0 5 5 60 22 1 0 0 0
 5 3 2 60 55 36 2 2 0.6f 0 0 60 6 150 60 6 12 360 12 2 0x2F2F2F 5 5 10 10 100
 100 100 346 187 153 204 102 5 5 5 5 6 6 132 132 161 6 163 132
 1890801556962652101L 100 100 450 200 5 5 5 5 0 0 14 14 3 16 12 0 1 0 1 0
 1 9 1
 100 100 420 300 5 5 5 5 14 114 23 193 15 68 66 66 15 144 63 163 21 10 78 100 54 15 144 97 163 21 10 79 135 54 15 144 132 163 21 10 80 173 54 15 144 170 163 21 10 110 215 74 23 211 215 74 23 0
 1 2 3 4
 5040590165582343011L 0 0 1 0 1 1 1 1
 2190653167733357032L 100 100 450 250 5 5 5 5 0 0 16 16
 1L 1 2 3 0 300 200 0 0 0 0 0 0 0 0
 0
 100 100 413 492 5 5 5 5 0 0 6 227 90 30 291 227 90 30
 1.0 3.0 2.0 5.0
 6338040209770877326L 100 100 350 200 5 5 5 5 0 0 3 1 5 5 16 15 16 16 16 15 16 0
 7178478435446172846L 100 100 450 300 5 5 5 5 0 0 16 18 16 16 14 30 16 35 0 1 1
 0
 6444635860672652688L 100 100 450 300 5 5 5 5 0 0 16
 4157782271632761973L 0 0
 1644485036183526329L 10 100 100 450 300 5 5 5 5 0 0 16 1 3 5 5 0 0 16 16 0 0 16 16 0 0 16 16 0 100 0 0 100
 8 0 1 0 1 0 0 1 1 1 1 1
 100 100 561 339 5 5 5 5 0 0 130 0 0 100 1 150 2 80 3 111 20 270 22 0 1 3
 0 0
 100 100 450 300 0 0
 3479036492186972580L 100 100 450 300 5 5 5 5 0 0 0 12 10
 0 2 2 2
 100 100 450 300 5 5 5 5 0 0
 100 100 340 313 5 5 5 5 0 0 0 0 0 1.0 0.0 1.0 0 0 0 5 0 0 18 135 206 250 1 0 2 0 0 0 1 0 1 1 100 1
 2718910561731829476L 100 100 450 300 5 5 5 5 0 0 24
 1000 1000
 100 100 470 300 5 5 5 5 0 0 12 0 1 0 0 1 2 3 4 5 6 7 8 9 10 11 1 146 0 32
 100 100 450 149 5 5 5 5 6 36 414 30 10 16 76 90 30 116 82 304 18 6 6 422 18 0 0 0 0
 5 5 1 1 1 1 2 1 1 1 2 1 2 2 1 1 3 1 2 3 1 1 4 1 2 4 1 1 5 1 2 5
 3619887890741475524L 100 100 450 300 5 5 5 5 0 0 16 16 20 16 14 30 16 35 0
 100 100 480 343 5 5 5 5 0 0 359 259 89 30 200 200 0
 100 100 450 300 5 5 5 5 0 0 93 54 0 23 0 0 0.0 1.0 0.0 0.0 0 0 1 0 0 0 0 5 0 1 0 0 5 0 1 1 10 0 220 1 85 2 110 0
 7734031908388740823L 0 0 0 0
 1 2 3 4 5
 4265931991434336626L 100 100 400 200 5 5 5 5 3 1 0 0 16 16 15 16 16 15 16 16 0 0 1
 649057193496634534L 100 100 400 400 5 5 5 5 2 1 5 5 5 1 5 5 24 24 24 10 10 24 0 0 0 0 0 0 0 0 0
 5073550486481259663L 100 100 400 150 5 5 5 5 0 0
 100
 2671056183299397274L 100 100 450 300 5 5 5 5 0 0 16 1 2 5 5 0 0 16 16 0 0 16 16
 0 10 10
 9075562467166618473L 0 5 5 5 5 0 0 15 13 4 4 5 5 15 15 15 15 15 15 15 15 15 15 15 15 15 15 15 15 0
 7777
 360 340 10 10 60 20 60 10 270 21 10 270 320 21 20 5 10 40 320 220 7777
 0
 3 0 1 0
 100 100 450 300 5 5 5 5 0 0 434 262 79 34 54 15 0 143 31 71 21 263 30 71 23 48 82 324 136
 1 2 3 4 5
 2023927771503799059L 100 100 400 180 5 5 5 5 3 1 5 5 16 16 15 16 16 15 16 16 1 0 1
 1 2 3
 1
 100 100 375 194 5 5 5 5 0 0 359 161 10 30 147 15 0 167 30 150 21 25 75 132 15 168 72 149 21 10 120 117 93 23
 0 5 3
 0
 0
 100 100 312 181 5 5 5 5 22 54 58 17 77 51 180 23 10 67 88 71 25 165 88 71 25 12 14 343 25
 100 100 450 191 5 5 5 5 12 14 410 48 12 76 100 15 124 76 298 21 10 165 111 93 23
 5939002611918837793L 100 100 450 282 5 5 5 5 0 0 1 3 5 10 16 20 16 18 20 25 0 7 1 1 2 3 1 6 7 1 1 7 1 7 0 1 7 0 1 7 1 1
 100 100 498 300 5 5 5 5 59 59 59 10 10 174 242 0 5 10 59 59 59 183 10 219 242 0 0 407 164 63 25 407 215 63 25
 100 100 434 196 5 5 5 5 0 0 418 158 19 48 92 15 121 45 187 21 10 318 44 77 23 156 96 93 23 0 1 1
 0 0 0 0 1444 1 0
 1 2 3 4 0
 7985884042293882592L 100 100 450 300 5 5 5 5 0 0 16 0 2
 60 1000
 100 100 450 300 5 5 5 5 0f 0 0.9 0.1 1 50
 100 100 323 294 5 5 5 5 0 0 0 0 0 0 0 0
 3130941572848968305L 100 100 138 86 5 5 5 5 0 0 10
 0.0 1.0 1 20 1.0
 1545999924967549173L 100 100 396 300 5 5 5 5 0 0 16 200 30 16 16 500 100 5 499 100 2 2 0
 0 100 100 545 403 5 5 5 5 0 0 100 100 100 100 100 100 0
 100 100 450 138 5 5 5 5 0 0 22 1000 1000
 10 100 100 450 300 5 5 5 5 0 0 0 0 0 0 0 1.0 1.0 0.0 1.0 0.0 0 0 5 0 0 0 0 0 5 0 0 1 0 0 5 0 0 2 0 3 0 50 1 0 1 1 1
 100 100 450 300 5 5 5 5 14 136 28 140 15 59 65 319 148 0
 1 2 3
 1 2 3 4
 100 100 450 300 5 5 5 5 0 0 434 262 56 28 33 15 99 25 68 21 184 28 98 15 292 24 68 23 38 79 357 159 0 0
 240 255 255 100 100 354 206 10 27 112 98 154 6 187 154 230 172 90 30
 3049633059823371192L
 12 12 0 100000 0 100000
 3002233928005834299L 100 100 450 300 5 5 5 5 0 0 14 16 16 16 16 16 16 0 6
 100 100 450 132 5 5 5 5 150 18 100 22 150 52 100 22 262 20 166 54 6 17 124 55 255 255 0 255 175 175
 1 2 3 4 5 0
 100 100 319 206 0 0
 1 2 3 4 5
 100 100 417 330 5 5 5 5 0 0 406 292 13 152 24 67 15 90 61 54 15 152 58 160 21 10 90 92 54 15 153 89 159 21 10 90 126 54 15 152 123 159 21 10 90 160 54 15 152 157 93 21 90 196 54 15 152 193 160 21 10 120 242 67 23 223 242 67 23 0
 1 2 3 2 1 4 2
 0 0 1 0 1
 1024 1024 0
 100 100 349 199 5 5 5 5 10 10 317 27 77 40 122 30 10 10 46 67 18 211 40 90 30 10 76 317 79
 510595213739280006L 100 100 250 150 5 5 5 5 1 2 5 5 0 1 0 0 0 0
 2999739427405567838L 100 100 400 200 5 5 5 5 0 0 3 1 5 5 0 2 0 0 16 16 10 0 2 0 0 16 16 16
 100 100 351 300 5 5 5 5 0 10 337 262 15 115 23 95 15 45 60 54 15 109 57 171 21 10 45 91 54 15 109 88 170 21 10 45 122 54 15 109 119 87 21 45 155 54 15 109 152 171 21 10 45 190 54 15 109 187 171 21 10 79 218 68 23 175 218 68 23 0
 1 2 0
 7525621255251725313L 100 100 450 300 5 5 5 5 0 0 16 7 16 16 7 16 16 14 30 16 35 1 0 1
 1 5
 1 2
 1L 0 0 0 0 70 26 162 21 0 0 2 0 0 250 154 244 22 68 68 22 26 55 18 22 59 55 18 375 143
 100 100 450 300 0 0 4 0
 649057193496634534L 100 100 400 500 5 5 5 5 2 1 5 5 6 1 5 5 24 24 24 10 10 24 20 0 0 0 0 0 0 0 0 0
 7584852068430067696L 100 100 450 300 5 5 5 5 0 0 1 2 5 5 16 16 1 2 5 5 16 16 0 5 0 5 0 5 0 5
 4265931991434336626L 100 100 400 200 5 5 5 5 3 1 0 0 16 16 15 16 16 15 16 16 0 0 1024 0 1 0
 1L 0 0 12 0x28629e 0 1.0 0 50 0 50 100 0 1 300 200 0.5f 0 0
 1L 28 6 6 386 44 38 75 55 18 38 115 55 18 105 69 168 30 10 105 109 168 30 287 62 90 71 414 243
 100 100 450 300 5 5 5 5 0 0 0f 10f 400f 130f
 0 0 400 406
 100 100 280 128 5 5 5 5 12 14 92 15 100 10 141 25 66 57 93 23
 2686990740589101209L 100 100 350 250 5 5 5 5 0 0 16 1 2 10 10 0 0 16 16 0 0 16 16 0
 400 300 0 0
 8668891664815693398L 100 100 450 300 5 5 5 5 0 0 16 16 16 16 16
 1L 0 0
 1L 266 81 68 68 94 81 155 30 94 113 155 30 513 248
 10
 0 0 0
 0 0 400 406
 300 100 400 440 0 0 6 372 55 18 100 59 372 200 16 100f
 2805667115903449650L 100 100 450 300 5 5 5 5 0 0 16 0
 100 100 450 240 5 5 5 5 0 0 434 205 54 32 83 15 134 29 180 21 10 28 72 115 15 134 69 180 21 10 42 117 95 15 134 114 180 21 10 331 68 69 23 331 113 69 23 167 157 115 23
 100 100 364 179 5 5 5 5 222 98 90 30 24 6 6 324 34 16 16 52 261 34
 0 14
 100 100 368 249 5 5 5 5 0 1 0 0 0 0 0 5 5
 1 2
 100 100 396 255 5 5 5 5 0 0 380 222 119 72 63 23 184 72 63 23 119 115 63 23 259 72 103 23 162 165 63 23 62 32 54 15 123 29 190 21 10 72 76 54 15 184 115 74 23 259 115 74 23
 5988076597643890566L 100 100 400 140 5 5 5 5 2 1 5 5 1 2 5 5 18 18 1 2 5 5 18 18
 10 2 0 0 2 1 2 1 1 0 2 1 0 2 2 1 0 2 0 2 1 2 0 2 1
 100 100 370 219 5 5 5 5 24 6 32 347 66 50 120 90 42 207 120 90 42
 100 100 423 125 5 5 5 5 10 18 84 15 93 10 304 30 10 93 50 90 30 240 50 90 30
 100 100 475 441 5 5 5 5 10 10 439 76 10 84 439 98 177 192 101 25 10 233 439 156
 0 1 1
 100 100 450 300 5 5 5 5 168 107 90 30 15 30 0 0
 1L 1 2 3 0 300 200 0 0 0 0 0 0 0 0
 100 100 450 300 5 5 5 5 0 0 0.5
 1 2
 100 100 504 300 5 5 5 5 0 0 488 262 25 34 113 15 141 31 66 21 10 217 34 30 15 245 31 66 21 10 321 34 79 15 405 30 73 23 40 78 418 163 0
 1 0
 1 8 1
 3688891358876658465L 100 100 350 100 5 5 5 5 1 8 5 5 10 10 10 10 10 10 1000
 100 100 450 214 23 21 383 31 10 23 77 93 23 169 77 76 23 280 77 121 23 10 23 122 383 31
 100 100 415 222 5 5 5 5 85 90 60 57 97 0 73 23 25 25 0 0.0 0.0 0.0 0.0 0.0 0.0 0.0 0.0 0.0 0 0 5 5 0 0 0 0 0 80 85 0 0 5 0 4 1 0 0 0 5 5 0 1 0 0 5 0 4 1 1 10 0 0 5 5 1 2 0 0 5 5 2 2 0 0 5 5 3 2 0 0 5 0 4 2 0 0 0 5 2 1 3 2 3 3 0 0
 100 100 318 205 0 0 5 5 5 5 0 0
 2215793712885732497L 100 100 450 300 5 5 5 5 0 0 14 35 16 40 0
 100 100 450 300 5 5 5 5 0 5 0 0 10 0 0 0 0 0 1 1 0 1 2 0
 100 100 308 238 102 204 255
 9048535408788781352L 100 100 450 300 5 5 5 5 0 0 16
 100 100 321 128 5 5 5 5 21 10 103 15 21 48 103 23 134 2 161 30 10 134 45 161 30 10 2 2 0 160 1 160 0 1
 100 100 298 300 5 5 5 5 38 6 6 270 45 18 69 55 18 18 111 55 18 6 153 65 18 18 195 55 18 69 63 198 30 10 69 105 198 30 69 147 198 30 69 189 198 30 10 64 225 65 30 177 225 65 30 5 5 10 10
 100 100 450 176 5 5 5 5 0 3 10 59 59 59 59 59 59 255 0 255 5
 100 100 337 269 5 5 5 5 0 0 10 100 10 5 5
 10 0 1 0
 100 100 382 259 5 5 5 5 427 0 423 262 71 71 54 15 135 68 137 21 10 76 117 60 15 135 114 137 21 10 89 162 67 23 191 162 67 23 0
 3 0 1 2 10 0 0
 0 3 0 3 1 100 100 450 154 5 5 5 5 0 0 0 60 0 0 17 0 0 0 0.0 1.0 0.0 0.0 0.0 0.0 0 0 5 5 0 0 0 0 5 5 1 0 10 0 0 5 0 2 0 0 0 5 5 0 1 0 0 5 5 1 1 10 0 0 5 0 2 1 0 0 0 5 0 2 0 0 0 5 1 2 2 2
 0
 4941729012450153307L 100 100 450 300 5 5 5 5 0 0 16 1 2 5 5 0 0 16 16 0 0 16 16 1 11 1 9 10000 10 1 1 11 100 10 100
 6 6 6
 8058544817222710208L 100 100 450 200 5 5 5 5 0 0 14 14 14 3 16 12 0 1
 9181550456932875640L 100 100 396 300 5 5 5 5 0 0 16 16 500 0 500 100 5 2 2 0
 100 100 493 248 5 5 5 5 0 0 477 210 53 39 81 15 133 36 291 21 10 53 80 81 15 10 133 77 291 21 53 122 81 15 42 160 81 15 10 133 119 291 21 10 133 157 291 21
 10 100 100 335 300 5 5 5 5 6 6 86 250 104 49 114 30 104 161 114 30 230 6 86 250 0 90 1 1 0 1 1 0
 100 100 348 162 5 5 5 5 0 3 0 0
 2671056183299397274L 100 100 450 300 5 5 5 5 0 0 16 1 2 5 5 0 0 16 16 0 0 16 16
 0 10 10
 4171458686375833479L 100 100 450 200 5 5 5 5 0 0 3 1 5 5 1 2 5 5 16 16 1 2 5 5 16 16 2 3 5 5 16 16 16 16 16 16
 181569760561269743L
 8253911300573828115L 100 100 450 300 5 5 5 5 0 0 16
 8908769624938773296L 0
 100 100 273 130 5 5 5 5 0 0 500
 0 2 0 3 0 3 100 100 450 300 5 5 5 5 0 0 0 125 2 250 0 60 0 0 0 17 0 0.0 1.0 0.0 0.0 0.0 3 0 0 5 5 0 0 0 0 0 5 0 1 0 0 0 5 1 1 10 2 1 120 10 52 0 0 30 30 30 30 0 0 1.0 0.0 0.0 0.0 0.0 0.0 0.0 0 0 5 5 0 0 0 0 5 0 1 0 0 0 5 5 0 1 0 0 5 0 1 1 2 0 0 5 0 0 2 1024 0 0 5 0 2 0 3 1 0 0
 4540775327957798372L 100 100 450 300 5 5 5 5 0 0 16 14 30 16 35 1 0
 5988076597643890566L 100 100 400 140 5 5 5 5 2 1 5 5 1 2 5 5 18 18 1 2 5 5 18 18
 100 100 470 300 5 5 5 5 0 0 93 63 73 43 93 63 73 43 93 63 73 43 53 0 146 3
 100 100 450 300 5 5 5 5 0 0 0.8 0.8
 6787592245621788484L 100 100 450 300 5 5 5 5 0 0 1 2 5 5 18 18 10 18 18 0 10 7 7
 100 100 355 255 10 10 321 22 225 76 41 28 225 110 41 28 225 144 41 28 225 178 41 28 2 2 2 2 274 75 57 28 274 109 57 28 274 143 57 28 274 177 57 28 10 76 57 28 10 110 57 28 10 144 57 28 10 178 57 28 175 76 41 28 175 110 41 28 175 144 41 28 175 178 41 28 125 76 41 28 125 110 41 28 125 144 41 28 2 2 2 2 125 178 41 28 75 76 41 28 75 110 41 28 75 144 41 28 75 178 41 28 2 2 2 2 75 38 86 28 2 2 2 2 167 38 80 28 2 2 2 2 253 38 78 28
 1L 1 2 3 0 300 200 0 0 0 0 0 0 0 0
 1L 300 200 151 188 229 1
 3592329256836525981L 0 300 84 564 69 814596372430146361L 0 10 0 0 38 0 0 0 0 10 38 92 5589204752770150732L 1 1 1 4 0 0 5 0 5 0 0 0
 1 0 0 0
 100 100 450 133 102 204 204 5 5 5 5 0 0
 10 12.34
 2670265257224261565L 100 100 450 300 5 5 5 5 0 0 16 7 0 1 2 3 4 5 6
 2 0
 1 1024 1 0
 100 100 450 230 5 5 5 5 0 0 434 196 37 39 148 15 0 182 36 187 21 62 85 117 15 182 82 187 21 10 171 141 93 23
 2671056183299397274L 100 100 450 300 5 5 5 5 0 0 16 0 3 5 5 0 0 16 16 0 0 16 16 0 0 16 16 100
 0 10 10
 100 100 450 193 5 5 5 5 6 43 55 18 6 79 55 18 51 37 95 30 10 51 73 95 30 10 158 43 90 54 260 61 55 18 306 55 122 30 10 42 115 122 18 278 114 150 19 215 115 55 18
 2671056183299397274L 100 100 450 300 5 5 5 5 0 0 16 1 2 5 5 0 0 16 16 0 0 16 16 0 10 10 100
 100 100 450 193 5 5 5 5 6 43 55 18 6 79 55 18 51 37 95 30 10 51 73 95 30 10 158 43 90 54 260 61 55 18 306 55 122 30 10 42 115 122 18 278 114 150 19 215 115 55 18
 10
 0 0
 1
 100 100 450 247 5 5 5 5 0 0 434 218 10 39 100 15 115 36 168 21 10 293 31 69 23 10 84 100 15 10 115 81 168 21 293 80 69 23 152 132 101 23 10 39 100 15 115 36 168 21 10 293 31 69 23 10 84 100 15 10 115 81 168 21 293 80 69 23 152 132 101 23
 0 100 256 0 0 100 256 256 0
 4 0 100 0 400 0
 191531973146137575L 100 100 450 300 5 5 5 5 0 0 16 6 16 16 6 16 14 30 16 35 0 1 1
 6493879146336970741L 100 100 450 300 5 5 5 5 0 0 16 0 0 16 14 16 16
 7407367246160801736L 100 100 450 300 5 5 5 5 0 0
 5570749657628665431L 100 100 300 200 5 5 5 5 16 16 16 16 0 0 20
 100 100 323 294 5 5 5 5 0 0 15 0 1 1 0 30 0 0 0 0
 7020163320919418696L 100 100 450 300 5 5 5 5 0 0 16 14 7 0 1 2 3 4 5 6 2
 100 100 550 226 5 5 5 5 15 10 506 33 5 5 10 15 147 506 33 30 15 51 506 86 0 2
 3254818 2301506 2269730 3104 2112 709190099 955463181 9745901
 100 100 450 337 5 5 5 5 0 0 434 299 15 144 24 127 25 41 86 356 152 0 68 255 101 23 189 255 82 23 295 255 85 23 0 0
 1 2 1 2 3 4
 100 100 450 337 5 5 5 5 0 0 434 299 15 144 44 127 25 41 86 356 152 0 98 255 101 23 255 255 85 23 0
 20 20 20 450 300
 100 100 450 316 5 5 5 5 0 0 434 278 13 138 29 167 15 117 245 63 23 238 245 63 23 59 75 310 146 0 1 0 0
 1 0
 8629232787425542633L 100 100 350 150 5 5 5 5 2 1 5 5 16 10 16 16 0 1
 8897601338301442816L 100 100 400 250 5 5 5 5 0 0 16
 0
 1.2345 5.4321
 3983765787849972310L 100 100 300 230 5 5 5 5 0 0 20
 1024 0 0 1598
 100 100 673 399 5 5 5 5 10 10 0 0 10 160 100 1024 0 0 0 0 1598
 0 0 0
 4740794263780422776L 100 100 450 300 5 5 5 5 0 0 1 2 15 15 16 16 16
 1 2 3 4 5 6
 100 100 450 300 5 5 5 5 0 0 434 262 16 136 29 147 29 28 76 367 164 0
 100 100 450 300 5 5 5 5 0 0 0 0 0 0 0 0 1.0 0.0 0.0 0.0 1.0 0.0 0 0 5 0 0 0 0 0 5 0 0 1 0 0 5 0 0 2 0 0 5 0 0 3 0 4 0 2 1 1
 100 100 374 227 5 5 5 5 0 0 364 262 41 52 54 15 34 101 61 21 92 49 184 21 10 93 101 183 21 10 141 149 77 23
 100 100 450 300 5 5 5 5 0 0 434 262 67 59 63 15 0 140 56 169 21 124 172 63 23 215 172 69 23 0
 1563874058117161205L
 5 5 4 1 0
 1 2 3 4 5 6
 100 100 622 300 5 5 5 5 0 0 606 262 15 215 26 165 27 43 78 512 161 0
 100 100 507 299 5 5 5 5 0 178 0 0 0 0 0 0 169 0 0 0.0 1.0 0.0 0.0 0.0 0.0 0.0 1.0 0.0 0 0 5 5 0 0 3 0 0 5 5 1 0 10 0 0 5 0 4 0 0 0 5 5 0 1 3 0 0 5 5 1 1 10 0 0 5 0 4 1 0 0 5 5 0 2 4 0 0 5 0 1 2 0 0 0 5 1 3 0 0 0 5 2 3 1 0 0 0
 5747183545714998015L 100 100 450 300 5 5 5 5 0 0 16 16 15 16 16 1
 10
 1 0
 6092916733029206964L 100 100 450 300 5 5 5 5 0 0 16 16
 0
 0
 100 100 409 331 5 5 5 5 0 0 0 4 0
 0 3 0 1 3 0 1 1 100 100 500 120 0
 1 2 0 0
 1698867170940729036L 1 5 100 100 450 300 5 5 5 5 0 0 14 14 14 14 14 35 16 40 0 0 23 1 0 0 1 1 1 0 1 0 1 1 5 0 1 0 1
 1
 100 100 328 336 5 5 5 5 40 0 0 0 19 106 109 64 0 40 0 0 177 14 109 64 0 0 0 40 19 14 109 64 0 0 40 0 177 106 109 64 0 0 40 40 19 201 109 64 40 40 0 0 177 198 109 64 19 76 109 18 6 263 134 18 161 263 145 18 177 76 109 18 19 171 109 18 177 171 109 18
 100 100 408 252 5 5 5 5 5 5 10 0 10 0 0 1
 4035732390683420335L 100 100 450 300 5 5 5 5 0 0 14 30 16 35 0
 2 0
 100 100 450 300 5 5 5 5 0 0 434 262 14 148 28 152 15 44 70 325 141 0
 1 2 3 4
 0 0 0 1
 264919456236278847L 100 100 450 300 5 5 5 5 0 0 16 14 30 16 35 0 0 2062910908817150884L 0 0
 0 0 0 0 0
 100 100 450 300 0 0
 3042756299881773911L 100 100 450 200 0 0 14 16 16 16 16 0 1 2 3
 100 3000 2000
 6707594969168483573L 100 100 450 300 5 5 5 5 0 0 0 0 16 16 15 16 16 0
 100 100 450 300 5 5 5 5 155 0 0 0 0 0 0 0 1.0 0.0 1.0 0.0 0.0 1.0 0 0 5 0 0 0 0 0 5 0 0 1 0 0 5 0 0 2 0 0 5 0 0 3 0 4
 318773725547929917L 100 100 450 300 5 5 5 5 0 0 16 16 0 2 0 0 2 2
 0 10 100
 0 1
 100 100 450 179 0 0 12 0 2 12 300
 1 2 3 4 5 6 1
 100 100 450 300 5 5 5 5 0 0 434 262 53 42 44 15 0 107 39 165 21 299 38 71 23 40 101 353 131 0 0
 5 0.7267 0 0.75
 6338040209770877326L 100 100 350 200 5 5 5 5 0 0 3 1 5 5 16 15 16 16 16 15 16 0
 100 100 386 128 5 5 5 5 21 10 75 15 10 49 82 23 102 2 258 30 10 102 45 258 30 10 0
 0 0 0
 12 12 12 8 8 8 8 8 8 10 12 20
 100 100 382 237 0 0 374 178 77 29 66 18 149 27 122 22 77 66 66 18 149 64 122 22 77 103 66 18 149 101 122 22 77 137 66 18 149 132 122 28 0 0 374 178 20 10 0 0 374 178 1
 1024 4 1 0 0 0 1
 0 100 100 545 403 5 5 5 5 0 0 100 100 100 100 100 100
 1 3 1 5 2
 20000 50000 1000000d 20000 50000 1000000d
 100 100 373 324 5 5 5 5 0 0 358 292 57 31 54 15 108 28 184 21 10 57 70 54 15 108 67 184 21 10 57 111 54 15 10 108 108 184 21 57 150 54 15 107 147 185 21 10 57 191 54 15 108 188 184 21 10 86 230 65 23 201 230 65 23 0 0 0 5 0 5 1
 1 2 3 4 5 6 7 1 2 3 4 5 6 7
 100 100 450 300 5 5 5 5 0 0 434 262 14 110 30 194 15 46 80 337 142 0
 100 100 509 300 5 5 5 5 0 0 504 262 198 122 54 15 246 119 175 21 10 198 160 54 15 246 157 175 21 10 256 193 71 23 337 193 71 23 0
 0 0
 1 2 3
 5 5 5 5
 5326757798867881120L 100 100 450 350 5 5 5 5 4 1 5 5 59 59 59 20 0 0 14 0 0 14 0 0 14 2020 2000 5 1 2000 2005 2010 2015 2020 12 1 1 1 12 0 12 1 1 5 1 1 1 1
 100 100 450 300 5 5 5 5 0 0
 890359141688419648L 100 100 450 300 5 5 5 5 0 0 16 16 16
 5439091024994019226L 100 100 200 100 5 5 5 5 0 0 20 10 1000
 1 10000 2 1000 3 100
 6694115973725345619L 1
 9045025823260720553L 100 100 450 300 5 5 5 5 0 0 14 30 0 16 30
 0 100 10 0 10 0
 8 8 8 8 8 8 2 3 8
 0 0 0 1 0 0 1 0 0
 1665617920851760553L 100 100 450 300 5 5 5 5 0 0 27 12 0 0 0 0 1 0 0 0
 100 100 361 133 5 5 5 5 0 0 20
 1 2 3
 7974095246371185446L 100 100 300 150 5 5 5 5 2 1 5 5 0 0 16 5 5 16
 100 100 660 406 5 5 5 5 0 0 644 368 79 62 311 226 179 298 74 23
 0 0
 1L 0 4 1.0 0 5 5 0 1 3 1.0 0 5 5 0 1 2 1.0 0 5 5 0 1 1 1.0 0 5 5 0 1 0 3 0 1 0 4 0 2 1 1.0 0 5 0 0 0 0 0 5 0 0 0 0 0 0 0 385 226 0 0
 1203078038045289207L 100 100 450 300 5 5 5 5 0 0 1 3 5 5 14 14 14 14 14 14 12 0 1
 60 60
 300 100 400 406 0 0 0 50 350 400 200 0 200 100 100 200 400 200 6
 0 0 400 406
 2008614713725440868L 100 100 450 300 5 5 5 5 0 0 16 18 16 16 8 0 16 16 16 100
 0
 0 5
 1024 4 1 0 0 0 1
 100 100 518 379 0 0 0 510 380 36 126 438 70 245 25 124 27 25 25 124 27 155 30 66 18 375 30 37 18 36 43 65 18 113 38 154 28 36 84 65 18 113 81 66 25 36 212 65 18 113 208 367 28 36 252 65 18 113 248 367 27 159 289 75 28 265 289 75 28
 0 0
 1 0
 2671056183299397274L 100 100 450 300 5 5 5 5 0 0 16 1 2 5 5 0 0 16 16 0 0 16 16 0 10 10 100
 615665572894071265L 100 100 450 300 5 5 5 5 0 0 13 0 0 3 0 1 1 2 2 100
 1 2 3 4
 100 100 419 254 5 5 5 5 63 6 334 30 10 167 180 90 30 6 12 65 18 6 42 65 18 63 42 334 99 6 150 65 18 63 150 57 18 131 150 57 18 271 150 57 18 202 150 57 18 340 150 57 18
 1 2 0
 0 20000
 1533116593430144336L 100 100 300 150 5 5 5 5 0 0 2 1 5 5 16 16 16 0 100
 10 0 10 10 50
 100 100 557 411 5 5 5 5 0 0 150 300
 0 0
 100 100 323 294 5 5 5 5 0 0 0 30 0 0 0 0
 12 1 2 3 4 5 6 7 8 9 10 11
 4 4 4
 127 23561 3333 400000L 3.14159F 54.523
 0 0
 100 100 721 361 5 5 5 5 0 0 587 304 90 30
 1 0
 1 1 1
 0 1 0 1 0 1
 12 21 12 21 12 21
 1557083478271086551L 100 100 300 300 120 2 2 2 2 2 2 60 30 0 0 5 0 4 4 8 8 2 2 4 4 3f 6f 5 12 1000
 100 100 450 300 5 5 5 5 0 0 434 262 14 152 20 132 15 67 74 296 118 0 1 98 214 81 23 233 214 81 23 0 1 0
 1 0
 9123085459397426202L 100 100 450 300 5 5 5 5 0 0 16 18 0 0 1
 12 21 12 21 12 21
 1 2 3 0
 30 30 30
 50 50 50 50 18.2f 255 0 0 1 0 16.0f 255 0 0
 7985880225039901522L 100 100 250 150 5 5 5 5 1 2 5 5 0 1 5 5
 100 100 328 262 5 5 5 5 0 0 100 6 1 50
 1 2 3 4 5 0 1 0 4
 5 0 100 0
 6787592245621788484L 100 100 450 300 5 5 5 5 0 0 1 2 5 5 18 18 10 18 18 0 0 5 1 36 10 0 2 1 13 10
 1397183659288755891L 100 100 400 200 5 5 5 5 3 1 5 5 18 18 15 18 18 15 18 0 0
 12 0 50 100 0 180 0 10 360 10 360 1 360 500 400 356 268 5 5 5 5 0 0 0
 100 100 346 237 5 5 5 5 0 0 100 100
 5908694090108124264L 100 100 450 150 5 5 5 5 0 0 2 1 5 5 1 2 5 5 16 16 10 16 16 16 16
 5927958872707427777L 100 100 450 300 16 16 16 16 16 16 16 16 16 16 16 16 16 16 16 16 16 16 16 16 16 16 16 16 16 16 16 16 5 5 5 5 0 0 16
 18
 12.3 12.3 1 0 1
 1 2 3 0
 5436437381417763417L 100 100 450 300 5 5 5 5 0 0 16 18 16 16 14 30 16 35 0 1 0 1
 4 0 0 0 0 0 1 2 3
 100 100 371 220 5 5 5 5 0 0 355 262 0 22 70 22 63 23 202 21 10 275 22 77 23 0 54 352 134 0 1 2 3
 100 100 450 300 5 5 5 5 0 0 434 262 14 135 26 149 15 36 71 352 111 97 214 80 23 232 214 80 23 0 0 0 0
 1 2 3 4 0
 100 100 450 300 5 5 5 5 0 0 434 262 35 46 66 15 108 43 208 21 10 331 42 66 23 35 101 66 15 108 98 208 21 10 331 97 66 23 35 157 66 15 111 154 85 21 331 157 66 23 0 1
 0 0 0 0 1444 1 0
 50 0
 1
 100 100 375 248 5 5 5 5 0 0 359 210 0 61 24 65 15 61 64 65 15 61 107 65 15 136 104 162 21 10 87 148 65 23 202 148 65 23 136 21 162 21 136 61 162 21 0
 1 2 3 1
 100 100 450 179 5 5 5 5 46 30 72 15 0 128 27 121 21 278 26 93 23 32 62 366 73 0
 2215793712885732497L 100 100 450 300 5 5 5 5 0 0 14 35 16 40 0 1 0 0 0 150 1 300
 5506015730370161973L 100 100 450 300 5 5 5 5 0 0 16 16 0 2 0 0
 6221329006071145576L 100 100 450 300 5 5 5 5 0 0 16
 8631064680832300933L 100 100 450 300 5 5 5 5 0 0 16 16 0 0 0 0 2 2
 100 100 337 190 5 5 5 5 97 59 122 30 1 1
 1L 1 2 3 0 300 200 0 0 0 0 0 0 0 0
 100 100 359 228
 0 0
 100 100 535 348 5 5 5 5 0 0 45 212 447 54
 100 100 450 300 5 5 5 5 0 0 434 262 14 127 22 188 15 38 69 357 166 0
 1 2 3 4
 8240502815018021871L 100 100 450 300 5 5 5 5 0 0 1 2 5 5 16 14
 100 100 508 300 5 5 5 5 0 5 5 5 10 5 0 10 10 0 0 0 0 2
 5726190585100402900L 100 100 300 200 5 5 5 5 0 0 0 0 16 16 16
 54 61 66 80 68 62 76 86 78 84 82 76 85 85 87 82 90 88 94 82 90 88 94 96
 1 2 3 0
 9060636159598343142L 16 190 130
 5322661887440132446L 100 100 450 300 5 5 5 5 0 0
 5117172773755760361L 100 100 450 300 5 5 5 5 0 0 2 1 5 5 14 14 14 14 14 14 30 16 30 0
 1 2 3 4 5 6 7 8 9 0 0 0 0
 100 100 450 300 5 5 5 5 0 5 0 0 10 25 0 0 0 32767
 100 100 295 157 5 5 5 5 6 12 55 18 69 6 204 30 10 6 42 55 18 69 36 204 30 10 97 83 90 30
 2294503152841317673L 100 100 450 300 5 5 5 5 0 0 16 16 10 16 16
 1289515968041228683L 0 0 20 20 2 2 0 100 100
 100 100 338 171 5 5 5 5 24 6 6 310 37 6 55 71 18 67 49 236 30 10 124 91 90 30
 5184493067189341828L 100 100 450 300 5 5 5 5 0 0 0 0 4 16 14 35 16 40 0
 5383028129537224585L 100 100 450 300 5 5 5 5 0 0 0 0 16 16 1 2 5 5 16 16
 5 5 0
 281207762692088054L 100 100 450 300 5 5 5 5 0 0 14 30 16 35 5 5
 8932176536826008653L 50 255 255 255
 7168326951841017566L 100 100 450 250 5 5 5 5 0 0 1 2 5 5 16 16 10 16 0 0 18 1
 100 100 394 156 5 5 5 5 20 23 55 18 75 17 122 30 10 20 72 55 18 75 66 122 30 209 23 141 76
 100 100 281 132 5 5 5 5 25 20 77 22 88 21 127 21 10 225 24 54 15 98 61 93 23
 8720909398161703242L 100 100 450 300 5 5 5 5 0 0 16 16 10 16 16 16 10 15 16 0 0
 12 21 12 21 12 21
 0 1 2 3
 1 1
 1 1 1 3
 5 6 7 3
 100 100 450 300 5 5 5 5 0 0 434 262 42 40 68 15 111 37 185 21 10 306 36 93 23 42 81 357 159 0 1
 3 4 9
 12 114
 0 0 2 0 1 0 1 1 1 2 3 4 5 6 7 8 9 10 3
 0 0
 100 100 450 300 5 5 5 5 0 0 16 18 16 16 16
 6 6 6
 3049633059823371192L
 12 114
 4983187287403615604L
 100 100 450 133 5 5 5 5 24 6 6 422 30 16 57 69 18 80 51 259 30 10 338 51 90 30
 30 6 45 4
 5 1 5 5 16 16 16 16 16 350 110
 7518855659670595077L 100 100 450 300 5 5 5 5 0 0 16 59.8 69.8
 0 1
 3 1 2 2 1 3 1 4 4 0 1 2 3
 6067423561196663639L 100 100 450 150 5 5 5 5 0 0 2 1 5 5 1 5 5 5 16 16 3 16 16 16 1 5 5 5 16 16 3 16 16 16 0
 1 2 0
 100 100 532 300 5 5 5 5 86 39 54 15 0 179 36 136 21 362 35 93 23 10 79 496 173 0 0
 100 100 329 185 5 5 5 5 24 6 6 309 51 16 69 55 18 16 103 55 18 65 63 242 30 10 65 99 143 30 0 217 99 99 90 30 0 1
 5523252281451951512L 0 1 1 1 2 1
 4337886573574854144L 100 100 450 300 5 5 5 5 0 0 14 30 16 35 14 1 0 250 1 100
 1 2 3 0
 100 100 571 300 5 5 5 5 0 0 555 262 41 28 44 15 95 25 81 21 10 186 28 26 15 206 25 98 21 10 314 28 108 15 437 24 93 23 41 67 489 185 0
 1 2 3 4 5 6
 100 100 450 300 5 5 5 5 0 0 434 262 16 104 29 227 15 35 65 357 172 0
 1 2 3 4 5 6
 1 2 3 4 5 6
 100 100 622 300 5 5 5 5 0 0 606 262 15 215 26 165 27 43 78 512 161 0
 100 100 450 300 5 5 5 5 0 0 116 0 116 0 23 0 0 0.0 1.0 0.0 0.0 0.0 5 0 5 5 0 0 5 0 5 5 1 0 10 22 0 0 0 5 0 1 0 0 0 5 1 1 10 2 1
 100 100 355 222 5 5 5 5 18 6 6 298 39 6 57 83 18 6 95 83 18 82 51 251 30 10 54 132 90 30 177 132 90 30 82 88 251 25
 1 0 1 1 0 1
 141 25 200 25
 16f 8 0 8 225 2 0
 12 21 12 21 12 21
 1 2 3 0
 7020163320919418696L 100 100 450 300 5 5 5 5 0 0 16 3 14 7 0 1 2 3 4 5 6
 0 0 2 3 0 3 1 0 0
 2671056183299397274L 100 100 450 300 5 5 5 5 0 0 16 1 2 5 5 0 0 16 16 0 0 16 16 0 10 10 100
 1 0 0 48 1 0 1 1 1 0 48 1 0 1 1 1 0 12 1 1
 1 2 3 4 5 0
 1 2 0
 1 2 3 4 5
 100 100 450 300 5 5 5 5 0 0 434 262 72 29 150 15 242 25 77 23 51 83 334 138 0 0
 1
 100 100 427 233 5 5 5 5 0 0 411 195 84 22 75 15 151 19 156 21 10 84 62 75 15 151 59 156 21 151 112 93 23 86 23 86 15 0 166 20 97 21 144 117 70 23 0
 3507295831463384535L 100 100 450 300 5 5 5 5 0 0 16 16 15 16 16
 0 0 3 0 1
 7380411131151951458L 100 100 450 300 5 5 5 5 118 28 268 237 5 232 0 0 0 0 0 0 0
 6626440733001287873L 20 10 100 100 290 282 12 50 10 4 0 5 5 4 4 0 0
 1694329659062938654L 100 100 450 200 5 5 5 5 0 0 14 16 16 16 16 0 1 2 3
 3631585803783649593L 100 100 250 100 5 5 5 5 0 0 16 16 100 1 101 100
 100 100 450 300 5 5 5 5 0 0 434 262 135 24 104 21 44 27 70 15 273 23 93 23 32 68 368 184 0 0 0
 1 2 1 2
 100 100 392 250 5 5 5 5 0 0 380 215 0 1 1 70 34 45 15 124 31 174 21 10 70 75 54 15 124 72 174 21 10 70 114 45 15 124 111 174 21 10 111 163 69 23 206 163 69 23 0
 100 100 450 300 5 5 5 5 0 0 434 262 14 172 24 102 15 43 72 348 144 0 108 226 79 23 233 226 79 23 0 0
 1 2 3 1 2 3 1 2 3
 8102788557698714466L 100 100 450 300 5 5 5 5 5 5 0 0 16 16 22
 0 0
 1 721 666 0 26 705 607 0 1 2 2 0 0 705 25 0 500 1 10 0 0 0 1 0 100
 0 1 2 3 4
 100 100 450 300 5 5 5 5 0 0 434 262 14 132 22 168 15 88 57 54 15 132 54 182 21 10 88 91 54 15 132 88 182 21 10 88 124 54 15 132 121 182 21 10 88 162 54 15 132 159 182 21 10 124 205 64 23 225 205 64 23 0 0 0
 100 100 520 549 5 5 5 5 0 0 20 18 40 161 421 254 0 0 40 126 421 34
 1L 0 0
 5 0 0 10 8
 6006884851550921799L 100 100 450 300 5 5 5 5 0 0 16 16 2 16 16 2 16
 0 5 5
 5 8 10 0 10
 100 100 357 235 5 5 5 5 0 2 10 10
 100 100 450 300 0 0
 0 0
 0
 1 2 0
 1.0 0 1.0 0 1 0 1 0
 0 0 1 1
 100 100 100 100 0 10
 9072333459039474643L 100 100 450 300 5 5 5 5 0 0 16 16 1 3 5 5 0 0 14 12 0 0 14 12 0 0 14 12 5 0 5
 6589584750853602612L 100 100 450 300 5 5 5 5 1 2 5 5 0 0 16 0 0 16 14 35 16 40 0
 12 114
 1 2 3 4 5 6 0 1
 100 100 454 360 5 5 5 5 0 0 438 322 63 24 45 15 118 21 194 21 10 63 55 45 15 118 83 194 21 10 118 52 55 21 63 86 45 15 63 118 54 15 118 115 194 21 10 63 153 54 15 118 150 194 21 10 63 187 54 15 118 183 194 69 107 275 66 23 205 275 66 23 322 24 54 15 322 118 54 15 322 153 54 15 342 20 66 23 0 0
 1 0
 100 100 450 291 0 0 14 4 0
 1024 4 1 0 0 0 1
 100 100 379 188 10 10 66 51 53 10 308 51 10 67 80 18 96 63 265 27 154 111 60 28 227 111 60 28 301 111 60 28
 5628150026016623222L 100 100 450 300 5 5 5 5 0 0 0.7 0.5 14 59 59 59 16 14 59 59 59 16 14 16 6 0 6 1 0 2
 1884123073630846839L
 587741746033407725L 100 100 450 300 5 5 5 5 0 0 16
 1.8 32
 100 100 450 300 5 5 5 5 0 0 434 262 13 139 27 135 15 46 77 332 138 0
 1 2
 1427029548189335430L 1 0 1
 100 100 400 412 0 0 6 0 1 6
 0 0
 8093988259425885523L 100 100 450 300 5 5 5 5 0 0 16 4 2 0 0 1 0 2 0 3 0 0 1 1 1 2 1 3 1
 0 1
 12 21 12 21 12 21
 5810044732894008630L 0 0 0 0
 7475843275177290984L 100 100 250 150 5 5 5 5 2 1 5 5 16 10 16 10
 0 0
 100 100 499 396 5 5 5 5 0 0 483 361 14 203 31 63 15 76 95 325 136 139 267 69 23 265 267 69 23 0
 4547196011936458775L 100 100 300 150 5 5 5 5 2 1 5 5 0 0 16 16 1000 0 1
 7912488705640918487L 100 100 450 300 5 5 5 5 0 0 1 2 5 5 16 16
 7163184739179614764L 100 100 400 180 5 5 5 5 3 1 5 5 16 16 18 16 16 10 16 16 1024 1 0 1 0
 1 2 0
 0 3
 1000 1000
 59.8
 560821100423371891L 100 100 450 300 16 16 16 16 16 16 16 5 5 5 5 0 0 18
 100 100 452 221 135 206 250 5 5 5 5 245 222 179 30 6 6 422 72 31 90 55 18 31 134 55 18 83 84 184 30 10 83 128 184 30 10 304 84 90 30 304 128 90 30 30 0 300 0 1 1 0.5f 0 0
 1 2 3 0
 100 100 450 171 5 5 5 5 0 0 59 59 59 0 3 5 20 10 10 10 10
 0 0 1 0
